"","_id","SectionId","SectionName","AvgSpd","AvgOcc","TotalVol","MOELevel","StartWgsX","StartWgsY","EndWgsX","EndWgsY","date","time"
"1",1,"Z0111C0","市高往東  環河中華",55.972027,12.8,143,0,121.506955002167,25.0499479957493,121.507057986923,25.0504089798186,2016-05-13,"12_40"
"2",2,"Z0120C0","市高往東  中華承德",70.81481,8.5,190.5,1,121.507057986923,25.0504089798186,121.514669994797,25.0488470329132,2016-05-13,"12_40"
"3",3,"Z0130A0","市高往東  承德中山",74.645035,7.1333337,262,0,121.514669994797,25.0488470329132,121.530466977389,25.0458740396192,2016-05-13,"12_40"
"4",4,"Z0130A1","市高往東  中山林森",75.58662,6.8,254,0,121.514669994797,25.0488470329132,121.530466977389,25.0458740396192,2016-05-13,"12_40"
"5",5,"Z0140C0","市高往東  新生建國",75.07692,8.2,195,0,121.530466977389,25.0458740396192,121.536157036992,25.0443180284222,2016-05-13,"12_40"
"6",6,"Z0140C1","市高往東  建國復興",68.77833,8.3,206,1,121.530466977389,25.0458740396192,121.536157036992,25.0443180284222,2016-05-13,"12_40"
"7",7,"Z0150C0","市高往東  復興敦化",69.92787,10.066668,305,0,121.536157036992,25.0443180284222,121.557631047561,25.0447609827095,2016-05-13,"12_40"
"8",8,"Z0150C1","市高往東  敦化上方",73.89441,2.1333334,162,0,121.536157036992,25.0443180284222,121.557631047561,25.0447609827095,2016-05-13,"12_40"
"9",9,"Z0150C2","市高往東  敦化延吉",71.962654,6.4,241,1,121.536157036992,25.0443180284222,121.557631047561,25.0447609827095,2016-05-13,"12_40"
"10",10,"Z0160C0","市高往東  延吉永吉",74.583786,6.5,185,1,121.557631047561,25.0447609827095,121.569229955283,25.0455460393449,2016-05-13,"12_40"
"11",11,"Z0380F0","正氣橋  麥一市民",69.45206,3,73,0,121.569772042499,25.0461890146634,121.569771009262,25.0459439976653,2016-05-13,"12_40"
"12",12,"Z0390G0","市高往西  永吉光復",67.669525,10.1,233,0,121.569771009262,25.0459439976653,121.567512021271,25.0458909827904,2016-05-13,"12_40"
"13",13,"Z03A0G1","市高往西  光復延吉",63.626297,14.9,289.5,0,121.567512021271,25.0458909827904,121.557667048171,25.0454680148637,2016-05-13,"12_40"
"14",14,"Z03B0G0","市高往西  延吉復興",80.87755,4.866667,246,0,121.557667048171,25.0454680148637,121.536126020332,25.0450250384754,2016-05-13,"12_40"
"15",15,"Z03C0G0","市高往西  復興建國",63.18408,8,205,0,121.536126020332,25.0450250384754,121.530571036066,25.0465189949323,2016-05-13,"12_40"
"16",16,"Z03C0G1","市高往西  建國新生",74.96923,7.8,195.5,0,121.536126020332,25.0450250384754,121.530571036066,25.0465189949323,2016-05-13,"12_40"
"17",17,"Z03D0G0","市高往西  新生林森",60.166668,3.4666667,211.5,1,121.530571036066,25.0465189949323,121.515177951736,25.0495210244858,2016-05-13,"12_40"
"18",18,"Z03D0G1","市高往西  林森中山",69.44681,7.8666663,282,1,121.530571036066,25.0465189949323,121.515177951736,25.0495210244858,2016-05-13,"12_40"
"19",19,"Z03E0G0","市高往西  承德重慶",63.162163,11,222.5,1,121.515177951736,25.0495210244858,121.507228991091,25.0510220354424,2016-05-13,"12_40"
"20",20,"Z03E0G1","市高往西  重慶中華",42.368202,15.6,242,1,121.515177951736,25.0495210244858,121.507228991091,25.0510220354424,2016-05-13,"12_40"
"21",21,"Z5062G0","市高往西  中華環河",45,14,133,1,121.507228991091,25.0510220354424,121.497868957546,25.0400649616175,2016-05-13,"12_40"
"22",22,"Z1001B0","建國快往北 辛亥高架接建高",92.89286,3,84,0,121.536995038696,25.0228289705983,121.53770600753,25.0229289599307,2016-05-13,"12_40"
"23",23,"Z1010A0","建國快往北 辛亥信義",77.564766,6.7333336,207,0,121.53770600753,25.0229289599307,121.53806600958,25.0355689692847,2016-05-13,"12_40"
"24",24,"Z1010A1","建國快往北 和平信義",78.666664,8.333333,262,0,121.53770600753,25.0229289599307,121.53806600958,25.0355689692847,2016-05-13,"12_40"
"25",25,"Z1011A0","建國快往北 信義路上匝道",40.17073,12.6,82.5,0,121.537818032218,25.0344000079271,121.53806600958,25.0355689692847,2016-05-13,"12_40"
"26",26,"Z1020A0","建國快往北 信義仁愛",66.15444,8.2,259,0,121.53806600958,25.0355689692847,121.537962958846,25.0357070206232,2016-05-13,"12_40"
"27",27,"Z1030A0","建國快往北 仁愛忠孝",59.266094,10.133333,237,0,121.537962958846,25.0357070206232,121.53712002298,25.0420240374186,2016-05-13,"12_40"
"28",28,"Z1040A0","建國快往北 忠孝長安",67.56106,12.933332,336.5,0,121.53712002298,25.0420240374186,121.536836031321,25.0460820090283,2016-05-13,"12_40"
"29",29,"Z1050A0","建國快往北 南京東路",73.47034,5.2666674,236.5,0,121.537031988413,25.0497290015224,121.536885031022,25.0495280262993,2016-05-13,"12_40"
"30",30,"Z1060A0","建國快往北 南京民權",71.10526,10.466666,292,0,121.536885031022,25.0495280262993,121.537105027258,25.061757993861,2016-05-13,"12_40"
"31",31,"Z1070A0","建國快往北 民權民族",66.666664,20.3,355,0,121.537105027258,25.061757993861,121.534361045097,25.0672949565866,2016-05-13,"12_40"
"32",32,"Z1080A0","建國快往北 民族濱江",71.893616,4.8,95.5,0,121.534361045097,25.0672949565866,121.533422973875,25.0689429692608,2016-05-13,"12_40"
"33",33,"Z10D2A0","建國快往北 民權東路下匝道",56.395603,10,92,0,121.537105027258,25.061757993861,121.537488045992,25.06147096043,2016-05-13,"12_40"
"34",34,"Z10E2A0","建國快往北 南京東路下匝道",52.13924,8.4,79,0,121.537031988413,25.0497290015224,121.537171960091,25.050782973455,2016-05-13,"12_40"
"35",35,"Z1210E0","建國快往南 濱江民權",49.12385,18.6,227.5,0,121.533418991878,25.0689390112276,121.53435399476,25.0672920027059,2016-05-13,"12_40"
"36",36,"Z1220E0","建國快往南 民權東路",68.04348,11.5,212,0,121.53435399476,25.0672920027059,121.536693985588,25.0612780140168,2016-05-13,"12_40"
"37",37,"Z1221E0","建國快往南 民權上匝道",42.568966,6.2,58,0,121.536437036293,25.0617689851535,121.536693985588,25.0612780140168,2016-05-13,"12_40"
"38",38,"Z1230E0","建國快往南 民權長春",76.759125,9.2,283.5,0,121.536693985588,25.0612780140168,121.536592989789,25.0533579739567,2016-05-13,"12_40"
"39",39,"Z1231E0","建國快往南 長春路上匝道",50.55696,8.8,79.5,0,121.536882030345,25.0561880388567,121.536592989789,25.0533579739567,2016-05-13,"12_40"
"40",40,"Z1240E0","建國快往南 長春長安",53.40653,12.933334,337,1,121.536592989789,25.0533579739567,121.536352037032,25.0461559817578,2016-05-13,"12_40"
"41",41,"Z1241E0","建國快往南 長安東路上匝道",38.391304,5.6,70,0,121.53670903176,25.0483700001353,121.536352037032,25.0461559817578,2016-05-13,"12_40"
"42",42,"Z1250E0","建國快往南 長安忠孝",71.752,9.466667,260,0,121.536352037032,25.0461559817578,121.536372990119,25.0430219911443,2016-05-13,"12_40"
"43",43,"Z1260E0","建國快往南 忠孝仁愛",67.75564,10.2,275.5,1,121.536372990119,25.0430219911443,121.537569973104,25.0395320152659,2016-05-13,"12_40"
"44",44,"Z1270E0","建國快往南 仁愛信義",72.37186,7.200001,203,0,121.537569973104,25.0395320152659,121.537580011017,25.034604994102,2016-05-13,"12_40"
"45",45,"Z1280E0","建國快往南 信義和平",62.48936,9.5,154.5,1,121.537580011017,25.034604994102,121.537365024448,25.0277679879518,2016-05-13,"12_40"
"46",46,"Z1290E0","建國快往南 和平辛亥",56.488094,13.4,189.5,1,121.537365024448,25.0277679879518,121.53728803944,25.0240599764049,2016-05-13,"12_40"
"47",47,"Z12B2E0","建國快往南 民權下匝道",28.258823,44.6,86,0,121.53435399476,25.0672920027059,121.535397954012,25.0655879895417,2016-05-13,"12_40"
"48",48,"Z12C2E0","建國快往南 忠孝東路下匝道",25.298817,26.3,350,1,121.536372990119,25.0430219911443,121.536485987571,25.0418200366026,2016-05-13,"12_40"
"49",49,"Z12D2E0","建國快往南 仁愛路下匝道",60.964287,5.2,57,0,121.537569973104,25.0395320152659,121.537391996702,25.0387139928824,2016-05-13,"12_40"
"50",50,"Z12E2E0","建國快往南 仁愛路下匝道",20.818182,6.3333335,11,1,121.537580011017,25.034604994102,121.537276036053,25.0354569902613,2016-05-13,"12_40"
"51",51,"Z12F2E0","建國快往南 和平東路下匝道",47.333332,3.6,33,0,121.537365024448,25.0277679879518,121.536989035092,25.026846043666,2016-05-13,"12_40"
"52",52,"Z12G2E0","建國快往南 辛亥路下匝道",16.416666,2.2,12,1,121.53728803944,25.0240599764049,121.53759697438,25.0222600110569,2016-05-13,"12_40"
"53",53,"Z2101B0","基隆快往東 水快上匝道",52.76984,14.6,129.5,0,121.534551026926,25.0064900369957,121.530827029155,25.0209600054365,2016-05-13,"12_40"
"54",54,"Z2110C0","基隆快往東 水源辛亥",70.685715,6.1,143,0,121.530827029155,25.0209600054365,121.544666015207,25.0173669632625,2016-05-13,"12_40"
"55",55,"Z2120C0","基隆快往東 辛亥敦化",68.86239,5.1,109.5,0,121.544666015207,25.0173669632625,121.547078966678,25.0194600254024,2016-05-13,"12_40"
"56",56,"Z2130C0","基隆快往東 敦化樂業",32.158535,12.6,84,1,121.547078966678,25.0194600254024,121.550236016768,25.0223980319086,2016-05-13,"12_40"
"57",57,"ZEFM0C0","基隆快往東 辛亥下匝道",44.376812,6.7,70.5,0,121.544666015207,25.0173669632625,121.546649048669,25.0191459845886,2016-05-13,"12_40"
"58",58,"ZEWN0C0","基隆快往東 敦化下匝道",32.208332,29.4,48,0,121.547078966678,25.0194600254024,121.548697955585,25.0209529930949,2016-05-13,"12_40"
"59",59,"Z2310G0","基隆快往西 樂業敦化",62.80645,5.2,62,0,121.550230044874,25.022392005194,121.547075954271,25.0194510083942,2016-05-13,"12_40"
"60",60,"Z2311G0","基隆快往西 敦化上匝道",36.65,4.6666665,20,0,121.548697955585,25.0209529930949,121.547075954271,25.0194510083942,2016-05-13,"12_40"
"61",61,"Z2320G0","基隆快往西 敦化羅斯福",64.5,1,2,0,121.547075954271,25.0194510083942,121.544658976273,25.0173659959567,2016-05-13,"12_40"
"62",62,"Z2321G0","基隆快往西 羅斯福路上匝道",116.95238,6.6,53.5,0,121.540373965139,25.013833044365,121.544658976273,25.0173659959567,2016-05-13,"12_40"
"63",63,"Z2330G0","基隆快往西 羅斯福水源",67.38636,1.8,44,0,121.544658976273,25.0173659959567,121.530824034973,25.0209549603874,2016-05-13,"12_40"
"64",64,"Z3110C0","辛亥高架 汀州路地下道",49.412586,4.533334,143,0,121.530689984473,25.0209799954032,121.533310973508,25.0225279642767,2016-05-13,"12_40"
"65",65,"Z3120C0","辛亥高架 泰順新生",70.286766,5.6,136.5,0,121.533310973508,25.0225279642767,121.535352972987,25.0225910440046,2016-05-13,"12_40"
"66",66,"Z3132C0","辛亥高架 辛亥路下匝道",66.23529,0.8,17,0,121.535352972987,25.0225910440046,121.536995038696,25.0228289705983,2016-05-13,"12_40"
"67",67,"Z3310G0","辛亥高架 建高接辛高",59.88,5.4,126.5,0,121.535665953559,25.022585041419,121.535348970526,25.0225820303175,2016-05-13,"12_40"
"68",68,"Z4010A0","水源快往北 中正路-景美",66.25532,5.2666664,192.5,0,121.537137968395,24.9900590035432,121.535866990787,24.995892962813,2016-05-13,"12_40"
"69",69,"Z4011A0","水源快往北 景美上匝道",30,7.8,46.5,1,121.539924954984,24.9996249638555,121.535866990787,24.995892962813,2016-05-13,"12_40"
"70",70,"Z4020A0","水源快往北 景美-基隆快",49.95703,8.733333,259.5,0,121.535866990787,24.995892962813,121.534551026926,25.0064900369957,2016-05-13,"12_40"
"71",71,"Z4031A0","水源快往北 福和橋上匝道",54.666668,1,3,0,121.530617011823,25.0081510342297,121.53337597531,25.008194972905,2016-05-13,"12_40"
"72",72,"Z4040H0","水源快往北 福和橋-師大路",56.031006,6.4,129.5,0,121.53337597531,25.008194972905,121.522921040872,25.0203360131995,2016-05-13,"12_40"
"73",73,"Z4050G0","水源快往北 師大路-泉州街",54.96552,3.8,87,0,121.522921040872,25.0203360131995,121.512387014104,25.0242559571385,2016-05-13,"12_40"
"74",74,"Z4060G0","水源快往北 泉州街-青年路",51.161766,5.1,68,1,121.512387014104,25.0242559571385,121.504085957724,25.0200459916201,2016-05-13,"12_40"
"75",75,"Z4070G0","水源快往北 青年路-萬大路",42.508198,5.2,61,0,121.504085957724,25.0200459916201,121.496988966074,25.0166209545364,2016-05-13,"12_40"
"76",76,"Z4080G0","水源快往北 華中橋",62.28846,1.9,52,0,121.496988966074,25.0166209545364,121.493546960585,25.0188819622546,2016-05-13,"12_40"
"77",77,"Z4081G0","水源快往北 萬大路上匝道",59.35294,0.2,17,0,121.495850997188,25.0170060123111,121.493546960585,25.0188819622546,2016-05-13,"12_40"
"78",78,"Z40A2G0","水源快往北 萬大路下匝道",26.4,11,16,1,121.496988966074,25.0166209545364,121.495850997188,25.0170060123111,2016-05-13,"12_40"
"79",79,"Z2PK0E0","水源快往南 景美下匝道",59.61111,3.4,36,0,121.535291969736,24.9960160097742,121.535838037846,24.996001043551,2016-05-13,"12_40"
"80",80,"Z4210D0","水源快往南 西園路-華中橋",73.44715,4.133333,127,0,121.490670975297,25.0240550372173,121.494897959806,25.0165149868655,2016-05-13,"12_40"
"81",81,"Z4220D0","水源快往南 華中橋",59.80328,3.3,61.5,1,121.494897959806,25.0165149868655,121.49758002879,25.0160439753475,2016-05-13,"12_40"
"82",82,"Z4221E0","水源快往南 萬大路上匝道",52.333332,1,15,0,121.495850997188,25.0170060123111,121.49758002879,25.0160439753475,2016-05-13,"12_40"
"83",83,"Z4231C0","水源快往南 富民街上匝道",23.583334,5.4,24,1,121.500347043131,25.0180069774255,121.500586041983,25.0174489562607,2016-05-13,"12_40"
"84",84,"Z4250B0","水源快往南 富民街-泉州街",62.333332,3.8666663,126,0,121.500586041983,25.0174489562607,121.508575958881,25.0223029895734,2016-05-13,"12_40"
"85",85,"Z4261E0","水源快往南 泉州街上匝道",39.384617,10.666667,28.5,0,121.512416020795,25.0242259740788,121.513597015627,25.0238910179486,2016-05-13,"12_40"
"86",86,"Z4270C0","水源快往南 泉州街-中正橋",56.82734,7.6,139.5,0,121.513597015627,25.0238910179486,121.517301026601,25.0212440410053,2016-05-13,"12_40"
"87",87,"Z4271C0","水源快往南 中正橋上匝道",31.51724,9.4,58,0,121.516420014929,25.0218210214711,121.517301026601,25.0212440410053,2016-05-13,"12_40"
"88",88,"Z4280C0","水源快往南 中正橋-師大路",50.167664,8.5,167,0,121.517301026601,25.0212440410053,121.519818971223,25.0206189990961,2016-05-13,"12_40"
"89",89,"Z4290C0","水源快往南 師大路",37.45652,2.6666667,46,0,121.519818971223,25.0206189990961,121.52318904069,25.0190460360213,2016-05-13,"12_40"
"90",90,"Z42A0D0","水源快往南 師大路-永福橋",54.722893,3.8666663,84,0,121.52318904069,25.0190460360213,121.526604004471,25.0136400414621,2016-05-13,"12_40"
"91",91,"Z42B0D0","水源快往南 永福橋-基隆路",54.5,3.3,80,1,121.526604004471,25.0136400414621,121.533012969887,25.0077350276523,2016-05-13,"12_40"
"92",92,"Z42B1D0","水源快往南 福和橋上匝道",46,1,2,0,121.530617011823,25.0081510342297,121.533012969887,25.0077350276523,2016-05-13,"12_40"
"93",93,"Z42B1E0","水源快往南 基高上匝道",58.443398,11.6,109,0,121.530824034973,25.0209549603874,121.533012969887,25.0077350276523,2016-05-13,"12_40"
"94",94,"Z42C0E0","水源快往南 基隆路-景美",71.263885,3.9333332,146.5,0,121.533012969887,25.0077350276523,121.535291969736,24.9960160097742,2016-05-13,"12_40"
"95",95,"Z42F2E0","水源快往南 泉州街下匝道",40.38095,6.8,21.5,0,121.508575958881,25.0223029895734,121.512416020795,25.0242259740788,2016-05-13,"12_40"
"96",96,"Z42I2E0","水源快往南 永福橋下匝道",55.17647,1.2,17,0,121.526604004471,25.0136400414621,121.527920044784,25.0117400117055,2016-05-13,"12_40"
"97",97,"Z42K2C0","水源快往南 華中橋下匝道",75.125,1.4,16.5,0,121.494897959806,25.0165149868655,121.495752005932,25.0165099750557,2016-05-13,"12_40"
"98",98,"Z0112A0","環河快往北 市民下匝道",49.13158,7.4,76,0,121.505632045463,25.0479460104869,121.507057986923,25.0504089798186,2016-05-13,"12_40"
"99",99,"Z5050A0","環河快往北 西園華江",60.985508,2.0666668,69.5,0,121.4909020335,25.0247749907051,121.491948992589,25.0363589545033,2016-05-13,"12_40"
"100",100,"Z5051A0","環河快往北 華江橋上匝道",40.05263,9.2,95,0,121.489444030584,25.0354040152171,121.491948992589,25.0363589545033,2016-05-13,"12_40"
"101",101,"Z5060B0","環河快往北 華江貴陽",61.48649,6.4,148.5,0,121.491948992589,25.0363589545033,121.497868957546,25.0400649616175,2016-05-13,"12_40"
"102",102,"Z5070A0","環河快往北 貴陽市民",80.71094,3.0666666,128,0,121.497868957546,25.0400649616175,121.505632045463,25.0479460104869,2016-05-13,"12_40"
"103",103,"Z5070A1","環河快往北  貴陽市民",64.27869,7.5,184,0,121.497868957546,25.0400649616175,121.505632045463,25.0479460104869,2016-05-13,"12_40"
"104",104,"Z5080A0","環河快往北 市民民生",59.703297,3.6,91,0,121.505632045463,25.0479460104869,121.508492028217,25.0570309650365,2016-05-13,"12_40"
"105",105,"Z50B0A0","環河快往北 酒泉敦煌",48.191418,12.1,156,0,121.509256996901,25.0721649933788,121.508641013476,25.0767900150083,2016-05-13,"12_40"
"106",106,"Z50C2A0","環河快往北 貴陽街下匝道",62.5,1,10,0,121.497868957546,25.0400649616175,121.497707968591,25.0394379567263,2016-05-13,"12_40"
"107",107,"Z5250E0","環河快往南 民生西-忠孝橋",60.738636,3.9,89,0,121.508490045987,25.0570549865263,121.506820022925,25.0520699678275,2016-05-13,"12_40"
"108",108,"Z5260E0","環河快往南 忠孝橋",68,5,115,0,121.506820022925,25.0520699678275,121.503459020046,25.0468649631992,2016-05-13,"12_40"
"109",109,"Z5261E0","環河快往南 忠孝橋上匝道",61.333332,1.2,12,0,121.504301011176,25.0499669605124,121.503459020046,25.0468649631992,2016-05-13,"12_40"
"110",110,"Z5261F0","環河快往南 市民上匝道",33.25225,13.4,111,0,121.507228991091,25.0510220354424,121.503459020046,25.0468649631992,2016-05-13,"12_40"
"111",111,"Z5270E0","環河快往南 忠孝橋-中興橋",49.384617,0.8,13,0,121.503459020046,25.0468649631992,121.501675036559,25.0454489818402,2016-05-13,"12_40"
"112",112,"Z5280E0","環河快往南 中興橋",36.07895,5.2,38,0,121.501675036559,25.0454489818402,121.500127997034,25.0428969866014,2016-05-13,"12_40"
"113",113,"Z5290E0","環河快往南 中興橋-桂林路",59.555557,1.6,18,0,121.500127997034,25.0428969866014,121.495768980163,25.0390590284779,2016-05-13,"12_40"
"114",114,"Z52A0E0","環河快往南 桂林路-華江橋",56.838097,9.4,105.5,0,121.495768980163,25.0390590284779,121.491098012531,25.0361979990397,2016-05-13,"12_40"
"115",115,"Z52B0E0","環河快往南 華江橋",67.66805,9.9,245,0,121.491098012531,25.0361979990397,121.488941968621,25.0336170151409,2016-05-13,"12_40"
"116",116,"Z52B1E0","環河快往南 華江橋上匝道",46.142857,2,15,0,121.489444030584,25.0354040152171,121.488941968621,25.0336170151409,2016-05-13,"12_40"
"117",117,"Z52C0E0","環河快往南 華江橋-西藏路",68.74336,4.3,114,0,121.488941968621,25.0336170151409,121.488264038685,25.0296530048539,2016-05-13,"12_40"
"118",118,"Z52C2E0","環河快往南 西藏路下匝道",32.310345,6,30.5,0,121.490064014881,25.0304020134316,121.488264038685,25.0296530048539,2016-05-13,"12_40"
"119",119,"Z52D0E0","環河快往南 西藏路-西園路",53.57143,2.4,21,0,121.488264038685,25.0296530048539,121.490514011287,25.0244009718354,2016-05-13,"12_40"
"120",120,"Z6120C0","環東出城　正氣橋",43.18254,5.7,126.5,1,121.568370994278,25.0472350435512,121.570605021905,25.0510110311818,2016-05-13,"12_40"
"121",121,"Z6130C0","環東出城　麥帥一橋",64.52885,4.9,104,0,121.570605021905,25.0510110311818,121.574926995873,25.0534200156251,2016-05-13,"12_40"
"122",122,"Z6140C0","環東出城　堤頂舊宗",44.588234,1.5,17,1,121.574926995873,25.0534200156251,121.57748301202,25.0549450438494,2016-05-13,"12_40"
"123",123,"Z6150C0","環東出城　堤頂舊宗",76.61224,3.8,98,0,121.57748301202,25.0549450438494,121.584862988947,25.0586160247397,2016-05-13,"12_40"
"124",124,"Z6150C1","環東出城  堤頂舊宗",72.639175,3.5,97,0,121.57748301202,25.0549450438494,121.584862988947,25.0586160247397,2016-05-13,"12_40"
"125",125,"Z6151C0","環東出城　舊宗匝道",32.822224,26.4,48,1,121.56613702014,25.051338962847,121.584862988947,25.0586160247397,2016-05-13,"12_40"
"126",126,"Z6160C1","環東出城  彩虹經貿1",49.701756,4.3,116,1,121.584862988947,25.0586160247397,121.616541008175,25.0625849622717,2016-05-13,"12_40"
"127",127,"Z6160C2","環東出城  彩虹經貿2",70.58594,5.1,128,0,121.584862988947,25.0586160247397,121.616541008175,25.0625849622717,2016-05-13,"12_40"
"128",128,"Z6160C3","環東出城  彩虹經貿3",87.614456,2.8,83,0,121.584862988947,25.0586160247397,121.616541008175,25.0625849622717,2016-05-13,"12_40"
"129",129,"Z6160C4","環東出城  彩虹經貿4",75.54054,0.8,112,0,121.584862988947,25.0586160247397,121.616541008175,25.0625849622717,2016-05-13,"12_40"
"130",130,"Z6160C5","環東出城  彩虹經貿5",80.206894,3.3,87,0,121.584862988947,25.0586160247397,121.616541008175,25.0625849622717,2016-05-13,"12_40"
"131",131,"Z6160C6","環東出城  彩虹經貿6",55.416,5.1,125,1,121.584862988947,25.0586160247397,121.616541008175,25.0625849622717,2016-05-13,"12_40"
"132",132,"Z6160C7","環東出城  彩虹經貿7",50.473682,4.1,95,1,121.584862988947,25.0586160247397,121.616541008175,25.0625849622717,2016-05-13,"12_40"
"133",133,"Z6170C1","環東出城　南湖橋段1",66.586464,5.6,133,0,121.616541008175,25.0625849622717,121.617806017444,25.0621700152228,2016-05-13,"12_40"
"134",134,"Z6171C0","環東出城　園區匝道",58.757576,1.8,33,1,121.506686988079,25.0504710048466,121.617806017444,25.0621700152228,2016-05-13,"12_40"
"135",135,"Z6180A0","環東出城　往國道三號",70.81132,2.1,53,0,121.617806017444,25.0621700152228,121.619272988714,25.0611980022906,2016-05-13,"12_40"
"136",136,"Z6310G0","環東進城　前方",65.05785,3.266667,121,0,121.619543975639,25.0614559745982,121.616821033512,25.0628670066886,2016-05-13,"12_40"
"137",137,"Z6320G0","環東進城　經貿園區",74.958336,2.3,48,0,121.616821033512,25.0628670066886,121.616641022636,25.0629230055203,2016-05-13,"12_40"
"138",138,"Z6330G2","環東出城  經貿彩虹2",70.207695,5,130,0,121.616641022636,25.0629230055203,121.584602985496,25.0590689905561,2016-05-13,"12_40"
"139",139,"Z6330G3","環東出城  經貿彩虹3",73.818184,4.7,121,0,121.616641022636,25.0629230055203,121.584602985496,25.0590689905561,2016-05-13,"12_40"
"140",140,"Z6330G4","環東出城  經貿彩虹4",76.565895,4.6,129,0,121.616641022636,25.0629230055203,121.584602985496,25.0590689905561,2016-05-13,"12_40"
"141",141,"Z6330G5","環東出城  經貿彩虹5",75.26549,4.2,113,0,121.616641022636,25.0629230055203,121.584602985496,25.0590689905561,2016-05-13,"12_40"
"142",142,"Z6330G6","環東出城  經貿彩虹6",65.76522,4.6,115,0,121.616641022636,25.0629230055203,121.584602985496,25.0590689905561,2016-05-13,"12_40"
"143",143,"Z6330G7","環東出城  經貿彩虹7",58.735043,5.5,117,1,121.616641022636,25.0629230055203,121.584602985496,25.0590689905561,2016-05-13,"12_40"
"144",144,"Z6330G8","環東出城  經貿彩虹8",59.086094,7.1,151,0,121.616641022636,25.0629230055203,121.584602985496,25.0590689905561,2016-05-13,"12_40"
"145",145,"Z6340G0","環東進城　舊宗新明",72.987656,3.1,82.5,0,121.584602985496,25.0590689905561,121.577017014874,25.055012037314,2016-05-13,"12_40"
"146",146,"Z6350G0","環東進城  堤頂麥一",74.39726,3.8,74,0,121.577017014874,25.055012037314,121.574868993047,25.0538609882666,2016-05-13,"12_40"
"147",147,"Z6360G0","環東進城　麥帥一橋",65.06286,8.6,175,0,121.574868993047,25.0538609882666,121.570337952539,25.0515299950425,2016-05-13,"12_40"
"148",148,"Z6360G1","環東進城　麥帥一橋",28.01389,9,146.5,2,121.574868993047,25.0538609882666,121.570337952539,25.0515299950425,2016-05-13,"12_40"
"149",149,"Z6380E0","環東進城　永吉匝道",36.833332,16.8,176.5,1,121.568211967079,25.0479089629847,121.566930011803,25.0458089733302,2016-05-13,"12_40"
"150",150,"Z7010A0","正氣橋出城接麥二橋",48.39706,6.3,136.5,1,121.572381048053,25.0517659831681,121.572381048053,25.0517659831681,2016-05-13,"12_40"
"151",151,"Z7230E0","麥二正氣",34.350994,8.8,154,1,121.572381048053,25.0517659831681,121.536157036992,25.0443180284222,2016-05-13,"12_40"
"152",152,"Z8001H0","洲美往北　中正社中",72.296555,5.266667,156.5,0,121.501322045006,25.0905279940405,121.506718964987,25.0840970372638,2016-05-13,"12_40"
"153",153,"Z8001H1","洲美往北  中正社中1",63.38053,3.733333,122.5,0,121.501322045006,25.0905279940405,121.506718964987,25.0840970372638,2016-05-13,"12_40"
"154",154,"Z8010A0","洲美往北　社中通河",62.058823,5,166.5,0,121.506718964987,25.0840970372638,121.498530964268,25.0990859660389,2016-05-13,"12_40"
"155",155,"Z8010A2","洲美往北　跨河橋段",56.694916,5.0000005,132.5,0,121.506718964987,25.0840970372638,121.498530964268,25.0990859660389,2016-05-13,"12_40"
"156",156,"Z8020A0","洲美往北　福國路段",78.70339,3.0666668,118.5,0,121.498530964268,25.0990859660389,121.499175972166,25.1026189964555,2016-05-13,"12_40"
"157",157,"Z8030A0","洲美往北　焚化廠南",78.674416,3.6666667,131,0,121.499175972166,25.1026189964555,121.499039991332,25.1065160441939,2016-05-13,"12_40"
"158",158,"Z8040A0","洲美往北　焚化廠北",83.99115,2.6666667,114.5,0,121.499039991332,25.1065160441939,121.493663023759,25.1217349827357,2016-05-13,"12_40"
"159",159,"Z8040A1","洲美往北   往大度",81.625,0.6666667,56.5,0,121.499039991332,25.1065160441939,121.493663023759,25.1217349827357,2016-05-13,"12_40"
"160",160,"Z8050A0","洲美往北　大業匝道",78.90909,1.2,33,0,121.493663023759,25.1217349827357,121.498706994097,25.1257360159759,2016-05-13,"12_40"
"161",161,"ZLGGYA0","洲美往北　北投匝道",49.95238,2,22,0,121.499039991332,25.1065160441939,121.518394001597,25.0506200193959,2016-05-13,"12_40"
"162",162,"Z8211A0","洲美往南　大度匝道",63.048542,2.8,106.5,0,121.464409006352,25.12372703342,121.499415011407,25.1164069706791,2016-05-13,"12_40"
"163",163,"Z8220E1","洲美往南  焚化廠北",62.4375,4,216,0,121.499415011407,25.1164069706791,121.499410028525,25.1162300382646,2016-05-13,"12_40"
"164",164,"Z8230E0","洲美往南　焚化廠南",74.293816,5.5333333,194.5,0,121.499410028525,25.1162300382646,121.498717979057,25.1023440083671,2016-05-13,"12_40"
"165",165,"Z8240E0","洲美往南　福國路段",73.07389,5.4,204,0,121.498717979057,25.1023440083671,121.498122950903,25.0993239617516,2016-05-13,"12_40"
"166",166,"Z8250E0","洲美往南　跨河橋段",54.805687,2.8,219.5,0,121.498122950903,25.0993239617516,121.505457987033,25.0856429679772,2016-05-13,"12_40"
"167",167,"Z8250E2","洲美往南　通河社中",63.689075,3.8666663,131.5,0,121.498122950903,25.0993239617516,121.505457987033,25.0856429679772,2016-05-13,"12_40"
"168",168,"Z8260A0","環北往南　社中中正",64.53933,2.0666666,91.5,0,121.505457987033,25.0856429679772,121.507375025755,25.0814500272669,2016-05-13,"12_40"
"169",169,"Z9010A0","信快往北  木柵入口",70.125,3.3,34,0,121.576575015947,25.0001809673246,121.581303018416,25.0061379810342,2016-05-13,"12_40"
"170",170,"Z9011A0","E_I-N-EN1",71.28846,11.4,55,0,121.582282989818,25.0046809888682,121.581303018416,25.0061379810342,2016-05-13,"12_40"
"171",171,"Z9030A0","信快往北 文山隧道",83.15625,2.2666667,100,0,121.581819044289,25.0080029688007,121.58007302298,25.0185520437394,2016-05-13,"12_40"
"172",172,"Z9040A0","信快往北  文山象山間",65.86747,0.46666664,85.5,0,121.58007302298,25.0185520437394,121.576318004777,25.0215079894489,2016-05-13,"12_40"
"173",173,"Z9050A0","信快往北  象山隧道",79.57895,2.2666667,99,0,121.576318004777,25.0215079894489,121.573106996005,25.0306110259661,2016-05-13,"12_40"
"174",174,"Z9060A0","信快往北  象山出口",44.261364,4,91,1,121.573106996005,25.0306110259661,121.57304703705,25.0323369694062,2016-05-13,"12_40"
"175",175,"ZGYS7A0","E_I-N-EX2",45.157894,7.2,58.5,0,121.57304703705,25.0323369694062,121.568318010097,25.0299530329774,2016-05-13,"12_40"
"176",176,"Z9201A0","E_I-S-EN2",51.285713,8.8,36.5,1,121.574585031664,25.0329529736002,121.572957964431,25.0328939824679,2016-05-13,"12_40"
"177",177,"Z9211A0","信快往北  松仁匝道",41.237625,3,108.5,1,121.568318010097,25.0299530329774,121.572483004907,25.0327419748003,2016-05-13,"12_40"
"178",178,"Z9230A0","信快往北  象山隧道",87.06173,1.9333334,85,0,121.572327042517,25.0308000093377,121.57589398737,25.0210529932084,2016-05-13,"12_40"
"179",179,"Z9240A0","信快往北  象山文山間",59.891304,2.4,95.5,0,121.57589398737,25.0210529932084,121.579738003233,25.0181450112202,2016-05-13,"12_40"
"180",180,"Z9250A0","信快往北  文山隧道",69.50603,2.4666667,86.5,0,121.579738003233,25.0181450112202,121.58125897475,25.0081889703121,2016-05-13,"12_40"
"181",181,"Z9260A0","信快往北  萬芳出口",54.906666,1.8666666,76.5,1,121.58125897475,25.0081889703121,121.580423983686,25.0049820284797,2016-05-13,"12_40"
"182",182,"ZJTJ960","八德路    松江路-忠孝東路",31.6,9.6,41,0,121.532877004208,25.0443479756871,121.530008998433,25.0436089944644,2016-05-13,"12_40"
"183",183,"ZK5JW60","八德路    建國北路-新生北路",28.210526,7.25,21.5,0,121.535606954197,25.045648042121,121.532877004208,25.0443479756871,2016-05-13,"12_40"
"184",184,"ZK7K820","八德路    新生南路-建國北路",29.166666,8.75,26.5,0,121.532877004208,25.0443479756871,121.533978046748,25.0446509770139,2016-05-13,"12_40"
"185",185,"ZKLLH20","八德路    建國北路-復興北路",30.783783,4.6,37.5,0,121.536660023401,25.0460589913958,121.540507984494,25.0467130279066,2016-05-13,"12_40"
"186",186,"ZKRM820","八德路    敦化北路-復興北路",42.425,3.6,40.5,0,121.542154998418,25.0471219561995,121.543931037249,25.0475489915048,2016-05-13,"12_40"
"187",187,"ZKWN820","八德路    復興北路-敦化南路",37.133335,4.25,16,0,121.54684699938,25.0481800005474,121.548917990989,25.0481810293354,2016-05-13,"12_40"
"188",188,"ZKWN860","八德路    光復南路-敦化北路",34.54386,74.25,79,0,121.552615002533,25.048185017375,121.548917990989,25.0481810293354,2016-05-13,"12_40"
"189",189,"ZKWNV20","八德路    敦化南路-光復南路",37.247524,17.8,118,0,121.548917990989,25.0481810293354,121.552615002533,25.048185017375,2016-05-13,"12_40"
"190",190,"ZKWPX60","八德路    東興街?-光復北路",36.303032,5.2,33,0,121.558442020541,25.0482450205768,121.557817980928,25.0481839882944,2016-05-13,"12_40"
"191",191,"ZKZQW20","八德路    光復南路-東興街",35.07895,3.4,38,0,121.560881987113,25.0484879813674,121.562665970558,25.048661976267,2016-05-13,"12_40"
"192",192,"ZL6RM20","八德路    基隆路-東興街",39.4,2.5,10,0,121.565481960656,25.0489490280874,121.566246026065,25.0490280018431,2016-05-13,"12_40"
"193",193,"ZL9SB20","八德路    東興街-基隆路",47.157894,3.6,22,0,121.566246026065,25.0490280018431,121.569388952581,25.049394985048,2016-05-13,"12_40"
"194",194,"ZLDTB20","八德路    基隆路-東新街",32.756096,2.6,41.5,0,121.572285964123,25.0500069670554,121.574505013287,25.0499799840799,2016-05-13,"12_40"
"195",195,"ZLDTB60","八德路    東新街-基隆路",28.25,1.6,24,0,121.575991993912,25.0500010388504,121.574505013287,25.0499799840799,2016-05-13,"12_40"
"196",538,"ZIGHK20","信義路　林森南(往東)",40.054054,3.1666665,37,0,121.517742001752,25.0392739842801,121.521081991794,25.0370229803464,2016-05-13,"12_40"
"197",196,"ZLNUW60","南港路    向陽路-東新街",50.86111,4.7333336,78.5,0,121.584267978293,25.0522529863072,121.582729010121,25.0516809679925,2016-05-13,"12_40"
"198",197,"ZMAR840","三民路    民生東路-南京東路",34.066666,10.4,35,0,121.563595975985,25.0568559981804,121.563871020332,25.0541290298898,2016-05-13,"12_40"
"199",198,"ZMTR600","三民路    南京東路-民生東路",69.84375,7,40.5,0,121.563871020332,25.0541290298898,121.563595975985,25.0568559981804,2016-05-13,"12_40"
"200",199,"ZNQQE40","三民路    民權東路-民生東路",24.195122,12.8,44,1,121.563142983751,25.0618319799925,121.563236955513,25.060902007694,2016-05-13,"12_40"
"201",200,"ZP8QY00","三民路    民生東路-民權東路",28.851852,8.6,28,0,121.563142983751,25.0618319799925,121.56305804233,25.0628079608207,2016-05-13,"12_40"
"202",201,"ZMQ4C40","三重路    重陽路-南港路",39.592594,5.2,28.5,0,121.57778395346,25.0474489884482,121.613990028591,25.0561510020384,2016-05-13,"12_40"
"203",202,"Z4ZD520","大度路    立德路-大業路",69.879036,3,131,0,121.493554980993,25.1214749744342,121.499800962679,25.1210930165618,2016-05-13,"12_40"
"204",203,"Z58AH60","大度路    模構溪-立德路",63.84127,4.866667,134,0,121.481430047917,25.1222009787626,121.471406959474,25.122847008826,2016-05-13,"12_40"
"205",204,"Z5AAF60","大度路    大業路-貴子坑溪",62.416668,7.2,225.5,0,121.486079991891,25.121852037788,121.466876988914,25.1232139811149,2016-05-13,"12_40"
"206",205,"Z5AAF61","大度路 貴水二溪-聖景路",69.8169,2.8666668,73.5,0,121.486079991891,25.121852037788,121.466876988914,25.1232139811149,2016-05-13,"12_40"
"207",206,"Z5B2R60","大度路    貴子坑溪-模構溪",62.778408,6.133333,184.5,0,121.466876988914,25.1232139811149,121.481430047917,25.1222009787626,2016-05-13,"12_40"
"208",207,"Z7JCE40","大業路    中央北路-承德路",55.153847,1.8666666,78.5,0,121.497173973346,25.1360519600889,121.496304977611,25.1345019669943,2016-05-13,"12_40"
"209",208,"Z3AIL00","中山北路  德行東路-士東路",41,2.875,34,0,121.525253015121,25.1087089734359,121.526529012548,25.112758021431,2016-05-13,"12_40"
"210",209,"Z4NJD00","中山北路  士東路-天母東路",57.76923,1.4,13,0,121.528577048448,25.1163439672642,121.530083045652,25.1182429548424,2016-05-13,"12_40"
"211",210,"ZHWGD40","中山南路  仁愛路-愛國西路",29.72619,25.7,88,1,121.517742001752,25.0392739842801,121.516464971111,25.0348820142513,2016-05-13,"12_40"
"212",211,"ZIVGU00","中山南路  愛國東路-信義路",49.58621,5.7,62,0,121.516464971111,25.0348820142513,121.517742001752,25.0392739842801,2016-05-13,"12_40"
"213",212,"ZIVGU40","中山南路  忠孝西路-仁愛路",44.68085,4.6,48.5,0,121.518155021069,25.0407080117975,121.517742001752,25.0392739842801,2016-05-13,"12_40"
"214",213,"ZKEHB00","中山南路  仁愛路-忠孝東路",27.910448,11.1,73,0,121.519250950846,25.0444959843402,121.519582972501,25.0456320015231,2016-05-13,"12_40"
"215",214,"ZKEHB40","中山北路  長安西路-忠孝西路",28.39726,18.4,77.5,0,121.5203119583,25.0471550161381,121.519582972501,25.0456320015231,2016-05-13,"12_40"
"216",215,"ZLBHN00","中山北路  忠孝東路-長安東路",45.396824,6.4,64.5,0,121.519250950846,25.0444959843402,121.521621966763,25.0498139771949,2016-05-13,"12_40"
"217",216,"ZLBHN40","中山北路  南京西路-長安西路",53.162792,3.375,45,0,121.52257401473,25.0522299753826,121.521621966763,25.0498139771949,2016-05-13,"12_40"
"218",217,"ZLRHT00","中山北路  長安西路-南京東路",52.333332,1.3,30,0,121.521621966763,25.0498139771949,121.52257401473,25.0522299753826,2016-05-13,"12_40"
"219",218,"ZLRHT40","中山北路　南京往南",55.05,3.9,60,0,121.522713974682,25.0549919835593,121.52257401473,25.0522299753826,2016-05-13,"12_40"
"220",219,"ZN5HV00","民生東　中山北(往北)",50.943398,5.375,54.5,0,121.522713974682,25.0549919835593,121.522845004353,25.0578899846763,2016-05-13,"12_40"
"221",220,"ZNLHV00","中山北路  民權東路-錦州街",51.583332,3.125,37.5,0,121.522845004353,25.0578899846763,121.522954993974,25.0603360232939,2016-05-13,"12_40"
"222",221,"ZP7HI40","中山北路  民族東路-民權東路",59.27778,1.1,18.5,0,121.522241006668,25.0648800135277,121.522608016415,25.0627480091243,2016-05-13,"12_40"
"223",222,"ZSVI900","中山北三段 北安路-中山北四段1巷",43.657536,10.5,79.5,0,121.526876997522,25.0759860132315,121.524396034032,25.0797770077648,2016-05-13,"12_40"
"224",223,"ZSVI940","通河街　中山北(往南)",47.851162,11.666666,223.5,0,121.525484975308,25.0841879571588,121.524396034032,25.0797770077648,2016-05-13,"12_40"
"225",224,"ZTTIF00","中山北路　劍潭往北",61.625,2,93.5,0,121.524396034032,25.0797770077648,121.525484975308,25.0841879571588,2016-05-13,"12_40"
"226",225,"ZTTIF40","中山北路  小北街-基河路",29.25625,38.5,171,1,121.525650020016,25.0857400139857,121.525484975308,25.0841879571588,2016-05-13,"12_40"
"227",226,"ZU5IF00","中山北路  基河路-小北街",48.855854,10,115.5,0,121.525484975308,25.0841879571588,121.52718495366,25.0876670187764,2016-05-13,"12_40"
"228",227,"ZVYIV00","中山北路  小北街-中正路",34.410854,5.8,129,1,121.527473957656,25.0902389796397,121.528014004153,25.0937130284284,2016-05-13,"12_40"
"229",228,"ZYBIB00","中山北路  德行東路-忠誠路",39.880436,11.7,97,0,121.525543043736,25.1024700426213,121.52484602371,25.1040249679002,2016-05-13,"12_40"
"230",229,"ZYSIB00","中山北路  忠誠路-德行東路",45.253166,7.1,81.5,0,121.52484602371,25.1040249679002,121.524896032415,25.1064259709129,2016-05-13,"12_40"
"231",230,"ZZLIE40","中山北路  天母東路-士東路",57.24,3.75,25.5,0,121.525253015121,25.1087089734359,121.525950049097,25.1116950429302,2016-05-13,"12_40"
"232",231,"ZZYII40","中山北路  士東路-德行東路",21.7191,40.375,96,1,121.526529012548,25.112758021431,121.525253015121,25.1087089734359,2016-05-13,"12_40"
"233",232,"ZU8EF20","重陽大橋 重陽橋 -延平北路六段",55.766354,6,117.5,0,121.499370989401,25.084592036831,121.505624988292,25.0856570244771,2016-05-13,"12_40"
"234",233,"ZVEGK60","中正路    文林路-承德路",41.349396,6.6,84.5,0,121.517704994726,25.0918079730647,121.516491996487,25.0910000387343,2016-05-13,"12_40"
"235",234,"ZW7HN20","中正路    承德路-文林路",46.08989,5,90,0,121.52003199482,25.0933530172806,121.52189001497,25.0943849867539,2016-05-13,"12_40"
"236",235,"ZWGIV60","中正路    雨農路-文林路",30.61111,11.7,74,1,121.530285031655,25.0961960292212,121.527914004661,25.0957539877762,2016-05-13,"12_40"
"237",236,"ZG7EQ00","中華路    和平西路-水源路",30.965517,8,31.5,0,121.508164027194,25.0258549787553,121.507077029818,25.0267439883943,2016-05-13,"12_40"
"238",237,"ZI9EM00","中華路    和平西路-愛國西路",22.076923,4.3,95.5,1,121.505301004035,25.03340303799,121.506630000043,25.0359989709198,2016-05-13,"12_40"
"239",238,"ZIKPW60","仁愛路光復往西",56.2,3.5,69.5,0,121.56042603886,25.0375930247427,121.557582024175,25.0376670102663,2016-05-13,"12_40"
"240",239,"ZIKQP20","仁愛路   逸仙路-光復南路",55.076923,2,27.5,0,121.56042603886,25.0375930247427,121.561506001618,25.0375530161359,2016-05-13,"12_40"
"241",240,"ZILPI20","仁愛路   光復南路-敦化南路",46.4375,1.9999998,34.5,0,121.552935023966,25.0377569602288,121.555442046408,25.0377109564045,2016-05-13,"12_40"
"242",241,"ZIMNN60","仁愛路安和路往西",58.962963,1.9,54.5,0,121.552935023966,25.0377569602288,121.551775004519,25.0377789671945,2016-05-13,"12_40"
"243",242,"ZINKW20","仁愛路    建國南路-新生南路",45.316456,6.3333335,90.5,0,121.53278995384,25.0381459966656,121.537882966645,25.0380649934768,2016-05-13,"12_40"
"244",243,"ZINLD60","仁愛路    復興南路-建國南路",51.418606,2.6,45,0,121.543679972316,25.0379439557612,121.539974007135,25.0380210265144,2016-05-13,"12_40"
"245",244,"ZINM760","仁愛路    敦化南路-復興北路",46.32143,5,30,0,121.546048040929,25.0378910351051,121.543679972316,25.0379439557612,2016-05-13,"12_40"
"246",245,"ZIPIZ60","金山南路  信義路-仁愛路",53.076923,3.2,66.5,0,121.52941104638,25.0382129641192,121.528340969147,25.0382519822543,2016-05-13,"12_40"
"247",246,"ZIPJA20","仁愛路    新生南路-金山南路",56.068493,4.0666666,78,0,121.528340969147,25.0382519822543,121.52941104638,25.0382129641192,2016-05-13,"12_40"
"248",247,"ZIRHZ20","仁愛路    杭州南路-中山南路",47.339622,0.9333334,56.5,0,121.521595040537,25.0387639638472,121.523417010188,25.0385230073086,2016-05-13,"12_40"
"249",248,"ZV9IP40","文林路    中正路-基河路",46.666668,8.8,24.5,0,121.525956002142,25.0923389607966,121.527037041757,25.0902129967989,2016-05-13,"12_40"
"250",249,"ZY9H840","文林北路  承德路-德行西路",49.845455,5.7999997,119.5,0,121.520752973895,25.1022339731109,121.519637009102,25.1032309691362,2016-05-13,"12_40"
"251",250,"ZYRGM00","文林北路  德行西路-承德路",40.227272,4.1333337,70,0,121.520752973895,25.1022339731109,121.516615012448,25.1061029568463,2016-05-13,"12_40"
"252",251,"Z1NMM20","木柵路    興隆路-和興路",46.458332,1.2,24.5,0,121.544016982749,24.9884689866207,121.545971014879,24.986728970597,2016-05-13,"12_40"
"253",252,"Z27SN20","木新路    興隆路-木柵路",31.925926,5.4,28,0,121.568615035016,24.988909958163,121.570930960222,24.9907069825126,2016-05-13,"12_40"
"254",253,"Z2LSS20","木柵路    秀明路-萬芳路",46.833332,5,48.5,0,121.569046007132,24.9987579698985,121.571743015186,24.9948559781927,2016-05-13,"12_40"
"255",254,"ZACTV20","木柵路    萬芳路-北二高",20.144579,47.6,94.5,1,121.574570982811,24.9981499979952,121.575677996718,24.9995900320669,2016-05-13,"12_40"
"256",255,"ZAWVC20","木柵路    北二高-新光路",59.4375,3,17.5,0,121.581921996822,25.0023919784946,121.583964992877,25.0029429905388,2016-05-13,"12_40"
"257",256,"Z1CRT60","木新路    木柵路-興隆路",29.145454,15.2,57.5,1,121.56875002671,24.9839530093009,121.566735961769,24.9832559576,2016-05-13,"12_40"
"258",257,"ZSBID60","北安路    明水路-中山北路",50.65896,22.4,182.5,0,121.537560952393,25.0777889720838,121.526876997522,25.0759860132315,2016-05-13,"12_40"
"259",258,"ZSJJX20","北安路    中山北路-明水路",53.288887,5.2,46.5,0,121.529015999351,25.0777479915008,121.533200981536,25.0780399695584,2016-05-13,"12_40"
"260",259,"ZSWMR40","北安路    大直街-通北街",38,8,41.5,0,121.548179978795,25.0805040395406,121.547413975489,25.079874995817,2016-05-13,"12_40"
"261",260,"ZJGPQ20","市民大道  復興北路-敦化北路",29.711864,29.4,128.5,0,121.546218997063,25.0450760260571,121.548883040402,25.0448050256844,2016-05-13,"12_40"
"262",261,"ZK6L860","市民大道  敦化北路-建國北路",34.71287,11,106,0,121.542381983637,25.0446300134924,121.539486992585,25.0444869867107,2016-05-13,"12_40"
"263",262,"ZK6NY60","市民大道  敦化北路-復興北路",32.104652,9.8,88.5,0,121.556752972869,25.044929037857,121.553044027324,25.0445180305677,2016-05-13,"12_40"
"264",263,"ZK6P820","市民大道  敦化北路-光復北路",39.23387,27.2,126.5,0,121.548883040402,25.0448050256844,121.553785987587,25.0441180322778,2016-05-13,"12_40"
"265",264,"ZK8LT20","市民大道  建國北路-復興北路",43.50769,4.2,65,0,121.539486992585,25.0444869867107,121.542381983637,25.0446300134924,2016-05-13,"12_40"
"266",265,"ZK9KC60","市民大道  建國北路-金山北路",41.903507,10.1,115,0,121.536654952605,25.044894027352,121.53478201032,25.0450279866061,2016-05-13,"12_40"
"267",266,"ZKJJP20","市民大道  金山北路-建國北路",38.213333,22.1,163,1,121.615421998675,25.045238998741,121.532890983601,25.0454499827697,2016-05-13,"12_40"
"268",267,"ZKNIV20","市民大道  中山北路-金山北路",38.530304,6.7,71,0,121.526052005025,25.047513980359,121.527754976858,25.0470660157481,2016-05-13,"12_40"
"269",268,"ZKQQY20","市民大道  光復南路-基隆路",40.80488,3.2,42.5,0,121.55778403127,25.045105009154,121.562977017142,25.0473070427485,2016-05-13,"12_40"
"270",269,"ZKSIE60","市民大道  金山北路-中山北路",40.55914,7.3,93.5,0,121.527754976858,25.0470660157481,121.526052005025,25.047513980359,2016-05-13,"12_40"
"271",270,"ZKVHI20","市民大道  重慶北路-中山北路",34.61702,4.4,47.5,0,121.516775988975,25.0499119871932,121.520761957648,25.0480390041157,2016-05-13,"12_40"
"272",271,"ZL5GL60","市民大道  中山北路-重慶北路",31.86923,26,149,0,121.514850033308,25.0490519785949,121.516423961792,25.0487760337543,2016-05-13,"12_40"
"273",272,"ZLAFP60","市民大道  重慶北路-環河北路",40.483517,9.75,91.5,0,121.513314967253,25.0494279843331,121.511989016427,25.0499020209939,2016-05-13,"12_40"
"274",273,"ZLXFX20","市民大道  環河北路-重慶北路",36.023872,25.7,392.5,0,121.511989016427,25.0499020209939,121.513314967253,25.0494279843331,2016-05-13,"12_40"
"275",274,"ZMSEX60","民生西路  重慶北路-環河北路",23.9,7,50.5,1,121.509004974381,25.0568730220494,121.50827197583,25.0568570248746,2016-05-13,"12_40"
"276",275,"ZMTG520","民生西路  環河北路-重慶北路",28.016949,9.8,59,0,121.511602029279,25.0569270241787,121.513792994809,25.0569739901897,2016-05-13,"12_40"
"277",276,"ZMTG560","民生西路  承德路-重慶北路",35.42857,11,52.5,0,121.515556954,25.0570130175921,121.513792994809,25.0569739901897,2016-05-13,"12_40"
"278",277,"ZMTHB20","民生西路  承德路-雙連站",36.935066,24.8,188.5,0,121.519185998666,25.0574509664278,121.519722000221,25.0575220384742,2016-05-13,"12_40"
"279",278,"ZMTHB60","民生西路  中山北路-雙連站",27.8,14.6,54,0,121.522845004353,25.0578899846763,121.519722000221,25.0575220384742,2016-05-13,"12_40"
"280",279,"ZMUGG20","民生西路  重慶北路-承德路",38.31818,6.4,33,0,121.513792994809,25.0569739901897,121.515556954,25.0570130175921,2016-05-13,"12_40"
"281",280,"ZMXH820","民生西路  雙連站-承德路",28,3,2,1,121.51817497086,25.0573370422045,121.519185998666,25.0574509664278,2016-05-13,"12_40"
"282",281,"ZMYN820","民生東路  復興北路-敦化北路",37.11111,6.8,95.5,0,121.54621504649,25.0577149568673,121.549010024689,25.0576959838419,2016-05-13,"12_40"
"283",282,"ZMYN860","民生東路  光復北路-敦化北路",36.272728,1.2,11,0,121.552123981625,25.0579729758179,121.549010024689,25.0576959838419,2016-05-13,"12_40"
"284",283,"ZMZL960","民生東路  建國北路-龍江路",43.593494,6.2666664,123,0,121.540695002758,25.057808013133,121.539168991943,25.0578130194978,2016-05-13,"12_40"
"285",284,"ZMZLI20","民生東路  復興北路-龍江路",46.695652,2.5333333,47.5,0,121.539168991943,25.0578130194978,121.540695002758,25.057808013133,2016-05-13,"12_40"
"286",285,"ZMZM920","民生東路  龍江路-復興北路",44.55844,4.9333334,84,0,121.542191988586,25.0577839575877,121.544143954275,25.0577500050787,2016-05-13,"12_40"
"287",286,"ZMZM960","民生東路  敦化北路-復興北路",40.31579,2.5333333,39,0,121.54621504649,25.0577149568673,121.544143954275,25.0577500050787,2016-05-13,"12_40"
"288",287,"ZN5HV20","民生西　中山北(往東)",33.133335,11.5,35,0,121.519722000221,25.0575220384742,121.522845004353,25.0578899846763,2016-05-13,"12_40"
"289",288,"ZN5HV60","民生西路  雙連站-中山北路",31.466667,10.8,46.5,0,121.525521993862,25.058043041147,121.522845004353,25.0578899846763,2016-05-13,"12_40"
"290",289,"ZN5IG20","民生東路  新生北路-林森北路",39.229168,11.2,49.5,0,121.522845004353,25.0578899846763,121.525521993862,25.058043041147,2016-05-13,"12_40"
"291",290,"ZN5IG60","民生東路  中山北路-林森北路",33.070423,11.125,73.5,0,121.527593974766,25.0580270277509,121.525521993862,25.058043041147,2016-05-13,"12_40"
"292",291,"ZN5IU20","民生東路  林森北路-新生北路",44.59322,4.4,59,0,121.525521993862,25.058043041147,121.527593974766,25.0580270277509,2016-05-13,"12_40"
"293",292,"ZN5JX20","民生東路  新生北路-松江路",45.11236,4.6,91,0,121.531547994803,25.0579399813517,121.53313299757,25.0579159728731,2016-05-13,"12_40"
"294",293,"ZN5JX60","民生東路  建國北路-松江路",45.9,6.266667,115,0,121.536919039933,25.057858005413,121.53313299757,25.0579159728731,2016-05-13,"12_40"
"295",294,"ZN8PG20","民生東路  敦化北路-光復北路",31.846153,6.4,28,0,121.552123981625,25.0579729758179,121.555236965001,25.0582509892992,2016-05-13,"12_40"
"296",295,"ZN8PT60","民生東路  松江路-新生北路",33.418606,8.25,43.5,0,121.53313299757,25.0579159728731,121.530199965209,25.0579630368021,2016-05-13,"12_40"
"297",296,"ZN9PZ60","民生東路  三民路-光復北路",41.22222,9.8,50,0,121.560520980176,25.0586280119212,121.5582810095,25.0584920009933,2016-05-13,"12_40"
"298",297,"ZNCRE20","民生東路  光復北路-三民路",42.92453,10,56,0,121.560520980176,25.0586280119212,121.563407019984,25.0588610281959,2016-05-13,"12_40"
"299",298,"ZQDLJ20","民族東路  松江路-復興北路",44.61702,4.1,48,0,121.536280012836,25.0681609592538,121.541008015539,25.0680809705608,2016-05-13,"12_40"
"300",299,"ZQEIH20","民族東路  中山北路-新生北路",45.575756,6.5,99.5,0,121.522870035759,25.0684350355759,121.525754004841,25.068351994266,2016-05-13,"12_40"
"301",300,"ZQEIV20","民族東路  松江路-新生北路",56.575,3.1,41,0,121.525754004841,25.068351994266,121.527845966731,25.0683090008077,2016-05-13,"12_40"
"302",301,"ZQEJF20","民族東路  新生北路-松江路",45.1875,4.1,65,0,121.527845966731,25.0683090008077,121.53046196583,25.0682630230775,2016-05-13,"12_40"
"303",302,"ZQEJY20","民族東路  復興北路-松江路",42.627117,5.6,61.5,0,121.53046196583,25.0682630230775,121.533306991068,25.0682079612344,2016-05-13,"12_40"
"304",303,"ZQFHC20","民族西路  中山北路-承德路",43.76744,3.8,43.5,0,121.51841003728,25.0684950038011,121.519570012124,25.0685090049757,2016-05-13,"12_40"
"305",304,"ZQFHV20","民族西路  承德路-中山北路",47.285713,5.6666665,127,0,121.519570012124,25.0685090049757,121.522870035759,25.0684350355759,2016-05-13,"12_40"
"306",305,"ZQFHV60","民族東路  新生北路-中山北路",46,2.4,14,0,121.525754004841,25.068351994266,121.522870035759,25.0684350355759,2016-05-13,"12_40"
"307",306,"ZQGFY60","民族西路  承德路-環河北路",33.488373,10.8,47.5,0,121.515922954464,25.0685580163344,121.51373200123,25.0686110250405,2016-05-13,"12_40"
"308",307,"ZQGGJ20","民族西路  環河北路-承德路",46.870968,6.2,34,0,121.51373200123,25.0686110250405,121.515922954464,25.0685580163344,2016-05-13,"12_40"
"309",308,"ZNUNJ20","民權東路  復興北路-敦化北路",32.649574,8,118,0,121.547949042975,25.0618890047209,121.550771020132,25.0614809697749,2016-05-13,"12_40"
"310",309,"ZNUNJ60","民權東路 光復北路-敦化北路",57.422535,2.4666667,72,0,121.554579045723,25.0618819961467,121.550771020132,25.0614809697749,2016-05-13,"12_40"
"311",310,"ZNXPC20","民權東路  敦化北路-光復北路",46.95402,3.1999998,91.5,0,121.550771020132,25.0614809697749,121.554579045723,25.0618819961467,2016-05-13,"12_40"
"312",311,"ZNXPC60","民權東路  撫遠街-光復北路",64.78571,3.4000003,86,0,121.559160048094,25.0622719808216,121.554579045723,25.0618819961467,2016-05-13,"12_40"
"313",312,"ZNZM920","民權東路  建國北路-復興北路",45.19149,4.6,47.5,0,121.540832956369,25.0621860248392,121.544232992862,25.062200957326,2016-05-13,"12_40"
"314",313,"ZNZM960","民權東路  光復北路-敦化北路",48.493332,2.8666666,75,0,121.54665001827,25.0619299949912,121.544232992862,25.062200957326,2016-05-13,"12_40"
"315",314,"ZP5KR20","民權東路  松江路-建國北路",28.06,19,108.5,1,121.533203037377,25.062466042796,121.537017999938,25.0623710424569,2016-05-13,"12_40"
"316",315,"ZP5KR60","民權東路  松江路-建國北路",53,0,5,0,121.540832956369,25.0621860248392,121.537017999938,25.0623710424569,2016-05-13,"12_40"
"317",316,"ZP5QG20","民權東路  光復北路-撫遠街",44.063637,4.5333333,110,0,121.559160048094,25.0622719808216,121.560171962386,25.0624119833773,2016-05-13,"12_40"
"318",317,"ZP6IG60","民權東路  中山北路-新生北路",64.71698,3.7,59.5,0,121.527752013645,25.0626210276048,121.525630951348,25.0626739621405,2016-05-13,"12_40"
"319",318,"ZP6IV60","民權東路  松江路-新生北路",44.926315,8.7,101.5,0,121.53029899333,25.0625490279007,121.527752013645,25.0626210276048,2016-05-13,"12_40"
"320",319,"ZP6JY20","民權東路  新生北路-松江路",48.465347,8.5,110.5,0,121.53029899333,25.0625490279007,121.533203037377,25.062466042796,2016-05-13,"12_40"
"321",320,"ZP6JY60","民權東路  建國北路-松江路",41.404762,12.6,95,0,121.537017999938,25.0623710424569,121.533203037377,25.062466042796,2016-05-13,"12_40"
"322",321,"ZP8GI20","民權西路        　大龍街(往東)",44.77381,2.733333,85,0,121.516163984285,25.0598450024429,121.515958038642,25.0629250128546,2016-05-13,"12_40"
"323",322,"ZQEUU60","民權東路  瑞光路-撫遠街",54.25,4.8,75,0,121.584317046042,25.0687650163875,121.582500003105,25.0682489842762,2016-05-13,"12_40"
"324",323,"ZQKVX60","民權東往西　成功路-瑞光路",52.69091,5,62.5,0,121.590899033537,25.0689469699906,121.5878369866,25.0690490446365,2016-05-13,"12_40"
"325",324,"ZQKWL20","民權東往東  瑞光路-成功路",56.8,0.5,5,0,121.5878369866,25.0690490446365,121.590899033537,25.0689469699906,2016-05-13,"12_40"
"326",325,"ZQKWL60","民權東路  民權隧道-成功路",31.333334,2.8,30,1,121.578835034172,25.0561200135216,121.590899033537,25.0689469699906,2016-05-13,"12_40"
"327",326,"ZQUWI20","民權東路  成功路-民權隧道",48.353657,5.6,83.5,0,121.590899033537,25.0689469699906,121.595239042545,25.0685590338722,2016-05-13,"12_40"
"328",327,"ZKDTY20","永吉路    基隆路-松山路",48.347828,13,76.5,0,121.577000980946,25.0454469963599,121.57779395367,25.045417010901,2016-05-13,"12_40"
"329",328,"ZKESJ10","永吉路    松山路-基隆路",46.08889,12.25,48,0,121.569048972781,25.0445750447065,121.57034304881,25.0456269949513,2016-05-13,"12_40"
"330",329,"Z3UNW00","仰德大道三段    陽明山國小(往北)",59.153847,8,57,0,121.548889955492,25.1106999832386,121.551666997229,25.1175510283918,2016-05-13,"12_40"
"331",330,"Z7HMH00","仰德大道四段　格致中學(往北)",46.916668,4.6,25,0,121.552832971224,25.1189279642201,121.545848991172,25.1338050273114,2016-05-13,"12_40"
"332",331,"ZXSLB20","仰德大道二段　2巷(嶺頭山莊)(往東)",47.229168,8,48.5,0,121.537158956528,25.1060750183634,121.539758042194,25.1018589858249,2016-05-13,"12_40"
"333",332,"ZHEPV00","光復南路 基隆路-信義路",34.358974,2.8,43,1,121.557395974638,25.0293889718943,121.557448026394,25.0321149827166,2016-05-13,"12_40"
"334",333,"ZHEPV40","舊宗路一段南京六行善(往北)",40.77551,2.4,70,0,121.557472029698,25.0330630202679,121.557448026394,25.0321149827166,2016-05-13,"12_40"
"335",334,"ZHKPV40","光復南路 仁愛路-信義路",32.629032,9,65.5,0,121.557521953655,25.0353829553836,121.557472029698,25.0330630202679,2016-05-13,"12_40"
"336",335,"ZIKPW00","仁愛路　光復南(往北)",41.022987,9.8,101,0,121.557521953655,25.0353829553836,121.557582024175,25.0376670102663,2016-05-13,"12_40"
"337",336,"ZJFPW00","光復南路 仁愛路-忠孝東路",41.77647,3,88,0,121.557619023949,25.0393190063412,121.557657972539,25.0413139705787,2016-05-13,"12_40"
"338",337,"ZJFPW40","光復南路   市民大道-忠孝東路",16.61039,17.1,82,1,121.557817980928,25.0481839882944,121.557657972539,25.0413139705787,2016-05-13,"12_40"
"339",338,"ZKAPX00","光復南路  忠孝東路-市民大道",47.9375,1.625,16,0,121.557657972539,25.0413139705787,121.55778403127,25.045105009154,2016-05-13,"12_40"
"340",339,"ZKAPX40","光復南路  八德路-市民大道",39.197674,14.1,129,0,121.557800985264,25.0466399849394,121.55778403127,25.045105009154,2016-05-13,"12_40"
"341",340,"ZKLPX00","光復南路  市民大道-八德路",42.45679,12.8,121.5,0,121.55778403127,25.045105009154,121.557800985264,25.0466399849394,2016-05-13,"12_40"
"342",341,"ZKWPX40","光復北路  南京東路-八德路",36.943398,5.9,54.5,0,121.557308017462,25.0515439744428,121.557817980928,25.0481839882944,2016-05-13,"12_40"
"343",342,"ZL7PX00","光復北路  八德路-南京東路",21.395834,13.5,53,1,121.557817980928,25.0481839882944,121.557842010172,25.0491139674837,2016-05-13,"12_40"
"344",343,"ZLNPU40","光復北路  健康路-南京東路",17.488373,11.875,44.5,1,121.556594046076,25.0536500051492,121.557308017462,25.0515439744428,2016-05-13,"12_40"
"345",344,"ZM7PP00","光復北路  南京東路-健康路",34.375,6.4,32.5,0,121.557308017462,25.0515439744428,121.556594046076,25.0536500051492,2016-05-13,"12_40"
"346",345,"ZM7PP40","光復北路  民生東路-健康路",33.62069,7.2,30.5,0,121.555604029826,25.0562180368435,121.556594046076,25.0536500051492,2016-05-13,"12_40"
"347",346,"ZN8PG00","光復北路  健康路-民生東路",32.469387,12.2,51,0,121.555604029826,25.0562180368435,121.555236965001,25.0582509892992,2016-05-13,"12_40"
"348",347,"ZN8PG40","光復北路  民權東路-民生東路",33.71795,9.2,41,1,121.554579045723,25.0618819961467,121.555236965001,25.0582509892992,2016-05-13,"12_40"
"349",348,"ZNXPC00","光復北路  民生東路-民權東路",49.565216,3.8,23.5,0,121.555236965001,25.0582509892992,121.554579045723,25.0618819961467,2016-05-13,"12_40"
"350",349,"ZLAJE40","吉林路    南京東路-長安東路",36.625,10,50,0,121.530049017891,25.0504970028238,121.530034960641,25.0496940059509,2016-05-13,"12_40"
"351",350,"ZLRJE00","吉林路    長安東路-南京東路",28,1,4,1,121.52960297329,25.048152016889,121.530084993618,25.0520410356862,2016-05-13,"12_40"
"352",351,"ZLRJE40","吉林路  民生東路-南京東路",40.76923,3.6,26,0,121.530112024283,25.0536480257702,121.530084993618,25.0520410356862,2016-05-13,"12_40"
"353",352,"ZMEJE00","吉林路    南京東路-民生東路",41.85,3.25,20,0,121.530112024283,25.0536480257702,121.53013697346,25.0548400027191,2016-05-13,"12_40"
"354",353,"ZP6JF40","吉林路    民族東路-民生東路",35,1,2,0,121.530367981607,25.0648059759803,121.53029899333,25.0625490279007,2016-05-13,"12_40"
"355",354,"ZPLJF00","吉林路    民生東路-民族東路",37.5,1.3333334,4,0,121.53029899333,25.0625490279007,121.530367981607,25.0648059759803,2016-05-13,"12_40"
"356",355,"ZMDXF00","向陽路    忠孝西路-南港路",43,0.5,1,0,121.595162952223,25.0527879741906,121.594851975867,25.0541070376211,2016-05-13,"12_40"
"357",356,"ZMLXB00","向陽路    重陽路-新明路",63.2029,4.3,73,0,121.594905003222,25.0548470311376,121.594135048916,25.0555719922456,2016-05-13,"12_40"
"358",357,"ZFNNH40","安和路    樂利路-和平東路",35.333332,20.8,86.5,0,121.549828991591,25.0280270129986,121.550318964963,25.0244679550359,2016-05-13,"12_40"
"359",358,"ZGNNK40","安和路    信義路-樂利街",33.42105,6.5,21,0,121.551611046257,25.0297450439059,121.550794959106,25.0290159835927,2016-05-13,"12_40"
"360",359,"ZHLNV00","安和路    樂利街-信義路",35.083332,2.4,12,0,121.552432042233,25.0317009965039,121.552467960776,25.0331719873244,2016-05-13,"12_40"
"361",360,"ZHLNV40","安和路    仁愛路-信義路",35.954544,4.8,23,0,121.552527965838,25.035330014608,121.552467960776,25.0331719873244,2016-05-13,"12_40"
"362",361,"ZIMNN00","安和路    信義路-仁愛路",45.272728,2,11,0,121.552501995633,25.0361689992417,121.551775004519,25.0377789671945,2016-05-13,"12_40"
"363",362,"ZJGMT00","安和路    仁愛路-敦化南路",28.722221,3.4,18.5,0,121.546144043555,25.0415559881941,121.54718403224,25.0415430434721,2016-05-13,"12_40"
"364",363,"ZQ6WK40","成功路    民權東路-南京東路",39.27891,14.8,155.5,0,121.590703951387,25.067539018744,121.590850032986,25.0628439710575,2016-05-13,"12_40"
"365",364,"ZQKWL00","成功路    南京東路-民權東路",37.45098,12.7,115.5,0,121.590518979189,25.0660680113132,121.590899033537,25.0689469699906,2016-05-13,"12_40"
"366",365,"ZQKWL40","成功路    民權東路-陽光街",37.410255,10.2,90.5,1,121.590448033929,25.0699599893922,121.590899033537,25.0689469699906,2016-05-13,"12_40"
"367",366,"ZJPEI60","成都路    中華路-康定路",40.403225,6.2,65,0,121.507587971462,25.042359975048,121.505934044635,25.0427360392706,2016-05-13,"12_40"
"368",367,"ZJUDT20","成都　　康定路(往東)",53.2,1.75,11,0,121.491488965562,25.0486350135639,121.502626999904,25.0435240419137,2016-05-13,"12_40"
"369",368,"ZWRLS20","至善路    福林路-故宮路",52.705883,5.6666665,106,0,121.539927017509,25.0973710017973,121.542305981721,25.0971909722556,2016-05-13,"12_40"
"370",369,"ZWXMM60","至善路    至善路-故宮路",35.444443,7,21.5,0,121.550250990901,25.1002949696846,121.546524026218,25.0981420294763,2016-05-13,"12_40"
"371",370,"ZX9KL60","福林路    雨農路-至善路",62.192307,3.3333333,80.5,0,121.539927017509,25.0973710017973,121.536465021284,25.0992169702622,2016-05-13,"12_40"
"372",371,"ZXWNW20","至善路    故宮路-至善路",40.18182,4.4,23,0,121.550250990901,25.1002949696846,121.552876962193,25.1022530355286,2016-05-13,"12_40"
"373",372,"ZZKPR20","至善路    至善路-中社路",46.357143,2.6,14,0,121.557462985376,25.1076619562863,121.557154982438,25.1098199874148,2016-05-13,"12_40"
"374",373,"ZFWBS00","光復橋(往北)",48.94872,2.2,39,0,121.49086798313,25.0244600211102,121.492498025584,25.0258449627048,2016-05-13,"12_40"
"375",374,"ZGKCG40","西園路    和平西路-西藏路",29.794872,2.7333333,40,0,121.49632003092,25.0301110424846,121.495630982185,25.0286869877743,2016-05-13,"12_40"
"376",375,"ZHZD800","西園路    西藏路-和平西路",38.03448,2.0666666,30.5,0,121.496789992364,25.0310400013737,121.499313966025,25.0352559817825,2016-05-13,"12_40"
"377",376,"ZJPEI40","西寧南路  峨嵋街-內江街",41.347828,1.2,23,0,121.506196015376,25.0436650415371,121.505934044635,25.0427360392706,2016-05-13,"12_40"
"378",377,"ZKJEP40","西寧北路  忠孝西路-峨嵋街",33.454544,2.3,22,0,121.507321980866,25.0475609785168,121.507029990711,25.0465419809687,2016-05-13,"12_40"
"379",378,"ZGKCG20","西藏路    艋舺大道-西園路",27,3.4,27,1,121.495352031791,25.0282639566907,121.495630982185,25.0286869877743,2016-05-13,"12_40"
"380",379,"ZGKCG60","西藏路    萬大路-西園路",58.444443,1.9,28.5,0,121.4991810355,25.0293430084573,121.495630982185,25.0286869877743,2016-05-13,"12_40"
"381",380,"ZGQDF20","西藏路    西園路-萬大路",50.47222,2.875,37.5,0,121.4991810355,25.0293430084573,121.500537976666,25.0293929749052,2016-05-13,"12_40"
"382",381,"ZGUEI60","西藏路    汀洲路-中華路",33.710526,5,39,0,121.507211962894,25.0306430435373,121.504117977474,25.0299949685813,2016-05-13,"12_40"
"383",382,"ZGYER20","西藏路    中華路-汀州路",35.71875,3.3,32.5,0,121.504117977474,25.0299949685813,121.507211962894,25.0306430435373,2016-05-13,"12_40"
"384",383,"Z1CPB00","辛亥路    木新路-光輝路",38.6875,10.8,53,0,121.553863985992,24.979864968356,121.554027961826,24.9832139755255,2016-05-13,"12_40"
"385",384,"Z1CPB40","辛亥路    光輝路-木新路",42.782608,4.4,25,0,121.554193981955,24.9848290313096,121.554027961826,24.9832139755255,2016-05-13,"12_40"
"386",385,"Z1HPC00","辛亥路    光輝路-懷恩隧道",43.8125,2.4,16,0,121.554027961826,24.9832139755255,121.554193981955,24.9848290313096,2016-05-13,"12_40"
"387",386,"Z1SNV00","辛亥路    懷恩隧道-光輝路",50.074074,4.2,27,0,121.554193981955,24.9848290313096,121.552345039233,24.9877980335106,2016-05-13,"12_40"
"388",387,"ZAGPE40","辛亥路    懷恩隧道-興隆路",57.666668,1.2,15,0,121.556817970959,25.0045190313385,121.554592045127,25.0008260047598,2016-05-13,"12_40"
"389",388,"ZB5PL00","辛亥路    興隆路-萬美街",42.75,8.6,49.5,0,121.556817970959,25.0045190313385,121.558152990685,25.0060670412361,2016-05-13,"12_40"
"390",389,"ZB5PL40","辛亥路    萬美街-興隆路",40.945946,6.8,37.5,0,121.558541952787,25.0066609840938,121.558152990685,25.0060670412361,2016-05-13,"12_40"
"391",390,"ZB5PL60","辛亥路    辛亥隧道-萬美街",38.95238,8.4,44,0,121.558541952787,25.0066609840938,121.558152990685,25.0060670412361,2016-05-13,"12_40"
"392",391,"ZBQP700","辛亥路    萬美街-辛亥隧道",48,5.2,34,0,121.558152990685,25.0060670412361,121.558541952787,25.0066609840938,2016-05-13,"12_40"
"393",392,"ZDYN960","辛亥路    基隆路-辛亥隧道",50.444443,4.8,64.5,0,121.550875961883,25.018326973487,121.549057016913,25.0170070234282,2016-05-13,"12_40"
"394",393,"ZEFMN20","辛亥路    基隆路-復興南路",39.2,9.6,85.5,0,121.543358978541,25.0212439864241,121.546649048669,25.0191459845886,2016-05-13,"12_40"
"395",394,"ZEFMN60","辛亥路    辛亥隧道-基隆路",41.63768,2.4666667,74,0,121.549057016913,25.0170070234282,121.546649048669,25.0191459845886,2016-05-13,"12_40"
"396",395,"ZEWM520","辛亥路    復興南路-建國南路",57.925373,5.0666666,100.5,0,121.541079986254,25.0213150435746,121.543358978541,25.0212439864241,2016-05-13,"12_40"
"397",396,"ZEWM560","辛亥路    復興南路-基隆路",53.677082,6.8,98.5,0,121.546649048669,25.0191459845886,121.543358978541,25.0212439864241,2016-05-13,"12_40"
"398",397,"ZF9KB20","辛亥路    汀州路-建國南路",41.22222,3,27,0,121.531857969838,25.0218990356169,121.534426045252,25.0223860105166,2016-05-13,"12_40"
"399",398,"ZF9KB60","辛亥路    建國南路-汀州路",34.47059,4.8,57.5,0,121.537576990046,25.0222670349586,121.534426045252,25.0223860105166,2016-05-13,"12_40"
"400",399,"ZF9KW60","辛亥路    復興南路-建國南路",50.313435,4.0833335,67.5,0,121.543358978541,25.0212439864241,121.537576990046,25.0222670349586,2016-05-13,"12_40"
"401",400,"ZEUPN60","和平東路  臥龍街-基隆路",35.566666,2.7,30,1,121.557560005957,25.0196380340218,121.556513993491,25.0205809639847,2016-05-13,"12_40"
"402",401,"ZEZPT20","和平東路  基隆路-臥龍街",31.2,0.8,15.5,0,121.55464904923,25.0223849731817,121.555546993352,25.0215150147704,2016-05-13,"12_40"
"403",402,"ZFPMQ20","和平東路  復興南路-基隆路",45.8,7.4,85,0,121.543424023128,25.0248549855301,121.546683031722,25.0246709606404,2016-05-13,"12_40"
"404",403,"ZFQM660","和平東路  基隆路-復興南路",43.655556,8.7,96,0,121.546683031722,25.0246709606404,121.543424023128,25.0248549855301,2016-05-13,"12_40"
"405",404,"ZFTLH60","和平東路  復興南路-新生南路",41.27619,8.25,108.5,0,121.537671024771,25.0256339943513,121.538838961141,25.0254760168588,2016-05-13,"12_40"
"406",405,"ZFYKD20","和平西路  師大路-新生南路",50.686565,11.4,222.5,0,121.533620018857,25.0261720409252,121.534867967877,25.0260230159196,2016-05-13,"12_40"
"407",406,"ZFZK620","和平東路  羅斯福路-師大路",42.12644,5.733333,88.5,0,121.531599953592,25.0263149712506,121.533620018857,25.0261720409252,2016-05-13,"12_40"
"408",407,"ZG6J520","和平西路  新生南路-師大路",48.099415,11.466666,199.5,0,121.525913962462,25.0267859703791,121.528519039679,25.0265699870944,2016-05-13,"12_40"
"409",408,"ZG8IK60","和平西路  重慶南路-羅斯福路",48.6,0.75,5,0,121.528519039679,25.0265699870944,121.525913962462,25.0267859703791,2016-05-13,"12_40"
"410",409,"ZG9HT60","和平東路  師大路-羅斯福路",50.088234,1,34,0,121.523912978148,25.0269469657233,121.522427026731,25.027032997263,2016-05-13,"12_40"
"411",410,"ZGBGJ60","和平西路  羅斯福路-重慶南路",37.984848,7.3,67,0,121.517986992022,25.0267239754063,121.515957978162,25.0272459956899,2016-05-13,"12_40"
"412",411,"ZGMFQ20","和平西路  南海路-重慶南路",43.11905,3.5,42,0,121.509164048097,25.030545997559,121.512031024664,25.0290380232257,2016-05-13,"12_40"
"413",412,"ZGXF860","和平西路  重慶南路-南海路",44.04348,3.8333333,46,0,121.512031024664,25.0290380232257,121.509164048097,25.030545997559,2016-05-13,"12_40"
"414",413,"ZH7EV20","莒光路    中華路-和平西路",32,0,4,1,121.505301004035,25.03340303799,121.507889043338,25.0312189821961,2016-05-13,"12_40"
"415",414,"ZHHEF20","和平西路  南海路-中華路",40.066666,5.4,64,0,121.504857003723,25.0337749705175,121.505301004035,25.03340303799,2016-05-13,"12_40"
"416",415,"ZHZC820","和平西路  中華路-水源路",45.885246,5.8,66.5,0,121.491524963513,25.0354639551665,121.494408993903,25.0354079836009,2016-05-13,"12_40"
"417",416,"ZHZDJ20","和平西路  環河南路-中華路",41.9,3.4,40,0,121.499313966025,25.0352559817825,121.501225987764,25.0352050366073,2016-05-13,"12_40"
"418",417,"ZISCI20","華江橋(往東)",73.38461,1.2,13,0,121.49086798313,25.0244600211102,121.496048048653,25.0388149699351,2016-05-13,"12_40"
"419",418,"ZJCTT60","忠孝東路  松山路-松信路",37.41828,7.5,95.75,1,121.577831967601,25.0407769954083,121.576929974667,25.0407980148635,2016-05-13,"12_40"
"420",419,"ZJDST20","忠孝東路 松仁路-松信路",41.040817,3.4666665,51.5,0,121.570191965881,25.0409869811321,121.571935956922,25.0409349574797,2016-05-13,"12_40"
"421",420,"ZJERC20","忠孝東　基隆路(往東)",36.469135,9.5,85.5,1,121.562730957348,25.0411869587421,121.564464988337,25.041143998202,2016-05-13,"12_40"
"422",421,"ZJERC60","忠孝東路往西 松仁路-基隆路",39.25,2.7500002,56.5,0,121.568686003029,25.0410379832092,121.564464988337,25.041143998202,2016-05-13,"12_40"
"423",422,"ZJES820","忠孝東路往東 基隆路-松仁路",44.490196,1.4666666,52.5,0,121.564464988337,25.041143998202,121.568686003029,25.0410379832092,2016-05-13,"12_40"
"424",423,"ZJFQQ60","忠孝東路  基隆路-逸仙路",20.19608,10.9,56,2,121.562730957348,25.0411869587421,121.561582048975,25.0412180286531,2016-05-13,"12_40"
"425",424,"ZJGNK60","忠孝四段170往西",48.49741,5.75,201,0,121.552971038,25.0414130111333,121.550770978706,25.0414659619593,2016-05-13,"12_40"
"426",425,"ZJGPC20","忠孝東路　延吉往東",42.42647,3.3333333,72,0,121.552971038,25.0414130111333,121.554487045962,25.0413890343382,2016-05-13,"12_40"
"427",426,"ZJHKR20","忠孝東路  復興北路-建國南路",58.659092,1.4666666,46.5,0,121.532867951087,25.0422989956186,121.537077016111,25.0417060435019,2016-05-13,"12_40"
"428",427,"ZJHM720","忠孝東路  建國南路-復興北路",23.942732,27.933334,236,1,121.541634979028,25.0416349682104,121.543765995297,25.0416090380889,2016-05-13,"12_40"
"429",428,"ZJHML20","忠孝東路  復興南路-大安路",51.05195,6.266667,154.5,0,121.543765995297,25.0416090380889,121.546144043555,25.0415559881941,2016-05-13,"12_40"
"430",429,"ZJHML60","忠孝東路  敦化南路-大安路",51.644627,5.2,122,0,121.54718403224,25.0415430434721,121.546144043555,25.0415559881941,2016-05-13,"12_40"
"431",430,"ZJLJW20","忠孝東路  新生北路-建國南路",65,0.5,10.5,0,121.529867965964,25.0431219811591,121.532867951087,25.0422989956186,2016-05-13,"12_40"
"432",431,"ZJQJI20","忠孝東路  建國南路-中山北路",48.88034,6.333333,120.5,0,121.529867965964,25.0431219811591,121.530730009031,25.0428839936556,2016-05-13,"12_40"
"433",432,"ZJTJ820","忠孝東路  杭州北路-中山北路",46.7483,5.8,147,0,121.526849011636,25.0439449738104,121.529006971227,25.0433510221623,2016-05-13,"12_40"
"434",433,"ZJXIQ20","忠孝東路  林森北路-杭州北路",42.528572,2.1333334,72.5,0,121.525107021695,25.0443669744632,121.526849011636,25.0439449738104,2016-05-13,"12_40"
"435",434,"ZK5IE20","忠孝東路  八德路-林森北路",47.67961,2.6666667,104,0,121.523344996927,25.044788032304,121.525107021695,25.0443669744632,2016-05-13,"12_40"
"436",435,"ZK8HY20","忠孝東路  館前路-林森北路",0.21472868,0.6666667,1300,2,121.521632042379,25.0451920145688,121.523344996927,25.044788032304,2016-05-13,"12_40"
"437",436,"ZKAHN20","忠孝東路  林森北路-館前路",0.6261538,0,1315,2,121.519582972501,25.0456320015231,121.521632042379,25.0451920145688,2016-05-13,"12_40"
"438",437,"ZKCUX20","忠孝東路  東新街-中坡南路",56.331127,5.7,311.5,0,121.581931038571,25.0441729612756,121.582718974582,25.0452810424302,2016-05-13,"12_40"
"439",438,"ZKLGD20","忠孝西路  中華路-館前路",52.511627,4.0000005,129,0,121.511009976667,25.0479730195554,121.515008984925,25.0467950373473,2016-05-13,"12_40"
"440",439,"ZKVVH20","忠孝東路  中坡南路-東新街",65.15409,8.6,330,0,121.582718974582,25.0452810424302,121.585100032729,25.0479620345473,2016-05-13,"12_40"
"441",440,"ZKXET20","忠孝西路  環河北路-塔城街",42.455696,4.2,83,0,121.506503986656,25.0488909901789,121.507623047764,25.048616959465,2016-05-13,"12_40"
"442",441,"ZKXET60","忠孝西路  中華路-環河北路",45.864407,4.2,59,0,121.506758999056,25.0506060000321,121.507623047764,25.048616959465,2016-05-13,"12_40"
"443",442,"ZLEWS20","忠孝東路  東新街-向陽路",47.29032,6,64.5,0,121.589050998969,25.0492460032113,121.591322049175,25.0497339722126,2016-05-13,"12_40"
"444",443,"ZLEWS60","忠孝東路  向陽路-東新街",37.796875,7.5,69.5,0,121.575325038745,25.0408320443226,121.591322049175,25.0497339722126,2016-05-13,"12_40"
"445",444,"ZM64J20","忠孝東路  向陽路-研究院路",55.272728,2.8,41,1,121.61261503992,25.0527349841585,121.615243008538,25.0530400109657,2016-05-13,"12_40"
"446",445,"ZM64J60","忠孝東路  研究院路-向陽路",68.454544,2.5,38,0,121.61629396121,25.053161955416,121.615243008538,25.0530400109657,2016-05-13,"12_40"
"447",446,"Z37JI40","忠誠路    天母東路-德行東路",45.6,5,67.5,0,121.532934016338,25.1149020373679,121.531068977338,25.1124079749547,2016-05-13,"12_40"
"448",447,"Z4FKA00","忠誠路    德行東路-天母東路",51.54386,2.9333334,59,0,121.532934016338,25.1149020373679,121.53466299808,25.1180829630573,2016-05-13,"12_40"
"449",448,"ZYBIB60","忠誠路    忠義街-中山北路",52.822224,4.4666667,91,0,121.528898012559,25.1055090420039,121.52484602371,25.1040249679002,2016-05-13,"12_40"
"450",449,"ZYLJ600","忠誠路  中山北路-忠義街",47.015873,4.0666666,70.5,0,121.52484602371,25.1040249679002,121.528898012559,25.1055090420039,2016-05-13,"12_40"
"451",450,"ZZAJE60","忠誠路    中山北路-忠義街",27.75,7.2,26,1,121.535907038271,25.1100249627925,121.530318019165,25.1083749664506,2016-05-13,"12_40"
"452",451,"Z3MER00","承德路    文林北路-吉利街",58.058254,4.466666,104.5,0,121.50923497412,25.1124480055163,121.507130965865,25.1143699686909,2016-05-13,"12_40"
"453",452,"Z4VDD40","承德路    文林北路-基河路",55.8374,3.55,124.5,0,121.51136898907,25.1105090269283,121.511873979864,25.105577986075,2016-05-13,"12_40"
"454",453,"ZLIGO40","承德路    南京西路-市民大道",44.706898,3.8,64,0,121.517691970298,25.0532490075265,121.517028000562,25.050877024964,2016-05-13,"12_40"
"455",454,"ZLYGU00","承德路    市民大道-南京西路",49.745453,3.3333333,57.5,0,121.517028000562,25.050877024964,121.517691970298,25.0532490075265,2016-05-13,"12_40"
"456",455,"ZMQGX40","承德路    民生西路-南京西路",114.666664,0.8,25,0,121.51817497086,25.0573370422045,121.518144022001,25.0547379670373,2016-05-13,"12_40"
"457",456,"ZMWGW00","承德路    南京西路-民生西路",35.355423,4.333333,337,1,121.518144022001,25.0547379670373,121.51817497086,25.0573370422045,2016-05-13,"12_40"
"458",457,"ZMWGW40","承德路民生西路往南",47.55,2.6666665,65.5,0,121.518217038202,25.0601989750841,121.51817497086,25.0573370422045,2016-05-13,"12_40"
"459",458,"ZP8GX00","承德路    民生西路-民權西路",36.886074,4.7333336,82.5,0,121.518217038202,25.0601989750841,121.518278034,25.0628709805022,2016-05-13,"12_40"
"460",459,"ZP8GX40","承德路    民族西路-民權西路",0,83.333336,2547.5,2,121.518329979386,25.0658410329101,121.518278034,25.0628709805022,2016-05-13,"12_40"
"461",460,"ZQFGY00","承德路    民權西路-民族西路",0,11.666667,1400,2,121.518329979386,25.0658410329101,121.51841003728,25.0684950038011,2016-05-13,"12_40"
"462",461,"ZR8GZ40","承德路    劍潭路-民族西路",50.333332,2.5,45.5,0,121.519132992345,25.0730250139216,121.51860298358,25.0718979983684,2016-05-13,"12_40"
"463",462,"ZRTHD00","承德路    民族東路-劍潭路",46.550724,7.5,70,0,121.519132992345,25.0730250139216,121.520142954438,25.075179002518,2016-05-13,"12_40"
"464",463,"ZV7GX00","承德路    中正路-劍潭路",34.666668,0.4,17.5,0,121.521558963159,25.0888150438412,121.518350989573,25.0897839795481,2016-05-13,"12_40"
"465",464,"ZVCGQ40","承德路    大業路-吉利街",55.224136,7.4,184,0,121.5014999737,25.1194989799831,121.503336993095,25.1178130018371,2016-05-13,"12_40"
"466",465,"ZVEGK00","承德路    劍潭路-中正路",44.09375,4.4,100,0,121.518350989573,25.0897839795481,121.516491996487,25.0910000387343,2016-05-13,"12_40"
"467",466,"ZVVGB40","承德路    基河路-中正路",36,5.4,112,1,121.514055017166,25.0959740116679,121.515635003385,25.092103988547,2016-05-13,"12_40"
"468",467,"ZJQEB00","昆明街    成都路-忠孝西路",37.035713,3.2,28.5,0,121.504532045206,25.041495018513,121.504825008811,25.0430019877903,2016-05-13,"12_40"
"469",468,"ZSEMV60","明水路    樂群一路-大直橋",55.905262,6.5,96,0,121.549573022597,25.0772759751444,121.547689985538,25.0774089666611,2016-05-13,"12_40"
"470",469,"ZSGLN60","明水路    大直橋-北安路",57.448277,4.2,30,0,121.544389033262,25.0773219827372,121.541635006388,25.0776029893899,2016-05-13,"12_40"
"471",470,"ZT9NN00","明水路    北安路-樂群一路",37.442307,6.8,56,0,121.552044033409,25.0799839674544,121.551448019389,25.0818549822257,2016-05-13,"12_40"
"472",471,"ZHFHV00","杭州南路  羅斯福路-愛國東路",40,6.4,58.5,0,121.522002025786,25.0295359980159,121.522274983141,25.0308619897926,2016-05-13,"12_40"
"473",472,"ZI6I900","杭州南路  愛國東路-信義路",45.74138,3.733333,61.5,0,121.52675898022,25.0342589664573,121.524326005961,25.035441042185,2016-05-13,"12_40"
"474",473,"ZIPIF00","杭州南路  信義路-仁愛路",37.592594,3,28,0,121.524326005961,25.035441042185,121.525200027068,25.0382819856299,2016-05-13,"12_40"
"475",474,"ZJGIK00","杭州南路  仁愛路-忠孝東路",35.114754,6.2,61.5,0,121.525743009547,25.0401489702973,121.52615501421,25.0415549907144,2016-05-13,"12_40"
"476",475,"ZIGHK40","信義路　林森南(往南)",38.755554,9.6,95,0,121.521595040537,25.0387639638472,121.521081991794,25.0370229803464,2016-05-13,"12_40"
"477",476,"ZJMHU00","林森南路  仁愛路-忠孝東路",28.846153,5.1,40.5,0,121.522239033265,25.0410010298098,121.522650962936,25.0423980324317,2016-05-13,"12_40"
"478",477,"ZK8HY40","林森北路  長安東路-忠孝東路",33.142857,0.8,21.5,0,121.523806986935,25.0463219909129,121.523344996927,25.044788032304,2016-05-13,"12_40"
"479",478,"ZKII640","林森北路  忠孝東路-長安東路",37.333332,0.25,6,0,121.524572008387,25.0491270245344,121.523806986935,25.0463219909129,2016-05-13,"12_40"
"480",479,"ZLRIF40","林森北路  長春路-長安東路",26.056337,21.5,93,0,121.525458978715,25.0549099825207,121.525377993726,25.0520939617721,2016-05-13,"12_40"
"481",480,"ZMFIG00","林森北路  長安東路-長春路",31.833334,1.875,15,0,121.525377993726,25.0520939617721,121.525458978715,25.0549099825207,2016-05-13,"12_40"
"482",481,"ZN5IG00","林森北路  長春路-民生東路",27.686274,14.2,52,0,121.525458978715,25.0549099825207,121.525521993862,25.058043041147,2016-05-13,"12_40"
"483",482,"ZNKIG00","林森北路  民生東路-民權東路",31.768116,31.2,103,0,121.525521993862,25.058043041147,121.52557102941,25.0602910365096,2016-05-13,"12_40"
"484",483,"ZNKIG40","林森北路  民權東路-民生東路",35.625,3.75,24.5,0,121.525606990661,25.0616809601453,121.52557102941,25.0602910365096,2016-05-13,"12_40"
"485",484,"ZPYIH00","林森北路  民權東路-民族東路",32,8.6,35.5,0,121.525690048067,25.0648859887343,121.525707967089,25.0666460353804,2016-05-13,"12_40"
"486",485,"ZPYIH40","林森北路  民族東路-民權東路",40.133335,5.6,45,0,121.525754004841,25.068351994266,121.525707967089,25.0666460353804,2016-05-13,"12_40"
"487",486,"ZMEJW40","松江路    民生東路-南京東路",39.033333,2.0666666,32.5,0,121.53313299757,25.0579159728731,121.533070031058,25.0547930311624,2016-05-13,"12_40"
"488",487,"ZN5JX00","松江路    南京東路-民生東路",7.1086955,12,335,2,121.533070031058,25.0547930311624,121.53313299757,25.0579159728731,2016-05-13,"12_40"
"489",488,"ZN5JX40","松江路  民權東路-民生東路",47.52613,4.6,590,0,121.533173047141,25.0602999587837,121.53313299757,25.0579159728731,2016-05-13,"12_40"
"490",489,"ZNLJX20","松江路    民生東路-民權東路",6.4931974,2.4166665,298.5,2,121.534847955769,25.0602940260267,121.533173047141,25.0602999587837,2016-05-13,"12_40"
"491",490,"ZP6JY40","松江路    民生東路-民權東路",43.357143,7.466666,60,0,121.533241968318,25.0647050407117,121.533203037377,25.062466042796,2016-05-13,"12_40"
"492",491,"ZQEJY00","松江路    民權東路-民族東路",38.069767,2.9333332,46.5,0,121.537017999938,25.0623710424569,121.533306991068,25.0682079612344,2016-05-13,"12_40"
"493",492,"ZDYJC00","金山南路  愛國東路-信義路",49.36111,2,36,0,121.526847003873,25.0316669589232,121.527272972601,25.0340489558628,2016-05-13,"12_40"
"494",493,"ZDYJC40","金山南路  仁愛路-信義路",41.2125,7.6,80,0,121.528340969147,25.0382519822543,121.527272972601,25.0340489558628,2016-05-13,"12_40"
"495",494,"ZG8IK40","金山南路  愛國東路-和平東路",39.910713,5.2,56.5,0,121.526308995626,25.0288699736331,121.525913962462,25.0267859703791,2016-05-13,"12_40"
"496",495,"ZHAIQ00","金山南路  和平東路-愛國東路",40.581394,3.8,43,0,121.526582976893,25.0301700427729,121.526847003873,25.0316669589232,2016-05-13,"12_40"
"497",496,"ZHAIQ40","金山南路  信義路-愛國東路",49.089287,3,56,0,121.527272972601,25.0340489558628,121.526847003873,25.0316669589232,2016-05-13,"12_40"
"498",497,"ZIXJ740","金山南路  忠孝東路-仁愛路",20.98611,51.2,73.5,1,121.529195013205,25.0408220379251,121.528753043802,25.0394610024343,2016-05-13,"12_40"
"499",498,"ZJBJ900","金山南路  仁愛路-忠孝東路",42.93421,11.4,156,0,121.528753043802,25.0394610024343,121.529195013205,25.0408220379251,2016-05-13,"12_40"
"500",499,"ZSQYA00","金湖路    民權東路-康寧路",42.066666,4.4,31,0,121.60152301582,25.0745739629973,121.599591004498,25.078978040163,2016-05-13,"12_40"
"501",500,"ZKVJB60","長安東路  林森北路-新生北路",39.826088,7.6,46.5,0,121.5314569682,25.0484610170838,121.52960297329,25.048152016889,2016-05-13,"12_40"
"502",501,"ZL6IA60","長安東路  中山北路-林森北路",36.72549,11.6,53,0,121.528453029474,25.048237003662,121.524572008387,25.0491270245344,2016-05-13,"12_40"
"503",502,"ZLBHN20","長安西路  承德路-中山北路",35.47222,5.4,36,0,121.517028000562,25.050877024964,121.521621966763,25.0498139771949,2016-05-13,"12_40"
"504",503,"ZLBHN60","長安東路  林森北路-中山北路",37.037037,5.4,27.5,0,121.522839965486,25.0495300052462,121.521621966763,25.0498139771949,2016-05-13,"12_40"
"505",504,"ZLGGY60","長安西路  中山北路-承德路",43.583332,3,24,0,121.519977995024,25.0501899826042,121.518394001597,25.0506200193959,2016-05-13,"12_40"
"506",505,"ZLIGO20","長安西路  重慶北路-承德路",27.967741,2.8,31,0,121.515453993572,25.0512350420078,121.517028000562,25.050877024964,2016-05-13,"12_40"
"507",506,"ZLKGF40","長安西路  承德路-重慶北路",20.685715,4.8,35,1,121.516127982904,25.0536160251129,121.515453993572,25.0512350420078,2016-05-13,"12_40"
"508",507,"ZLMG620","長安西路  環河北路-重慶北路",21.133333,4.75,15.5,1,121.511868965836,25.0520420013174,121.513928993666,25.0515830323019,2016-05-13,"12_40"
"509",508,"ZLTEQ40","長安西路  重慶北路-環河北路",31.857143,1.5,14,1,121.507476028548,25.0537090347304,121.507242000006,25.0524010319773,2016-05-13,"12_40"
"510",509,"ZMDL800","長春路    復興北路-建國北路",26.073172,9.4,41,0,121.539122001065,25.0561339717854,121.539075961259,25.0546719547361,2016-05-13,"12_40"
"511",510,"ZMDL820","長春路    新生北路-松江路",37.033333,5,30.5,0,121.536845962901,25.0547340197055,121.539075961259,25.0546719547361,2016-05-13,"12_40"
"512",511,"ZMDLH20","長春路    建國北路-復興北路",34.92453,12.4,55,0,121.539075961259,25.0546719547361,121.540503002328,25.0546399550223,2016-05-13,"12_40"
"513",512,"ZMEJE20","長春路    松江路-新生北路",29.485714,11.6,40,0,121.527560028847,25.0548669637719,121.53013697346,25.0548400027191,2016-05-13,"12_40"
"514",513,"ZMEKD00","長春路    建國北路-松江路",29.780487,9.6,42,0,121.534792956807,25.0520060131358,121.534823975309,25.0547690306678,2016-05-13,"12_40"
"515",514,"ZMFHU60","長春路    新生北路-中山北路",68,2.5,14,0,121.525458978715,25.0549099825207,121.522713974682,25.0549919835593,2016-05-13,"12_40"
"516",515,"ZMFIG20","長春路    中山北路-新生北路",33.875,11.4,37.5,0,121.522713974682,25.0549919835593,121.525458978715,25.0549099825207,2016-05-13,"12_40"
"517",516,"ZGYS640","松仁路往南   信義路-松平路",44.338463,3.5,66.5,0,121.56829704186,25.0318759992408,121.568310021885,25.0304130431246,2016-05-13,"12_40"
"518",517,"ZI9S600","松仁路住北   信義路-松壽路",32.809917,11.866667,141.5,0,121.568291995067,25.0328239644553,121.568354969459,25.0358029814327,2016-05-13,"12_40"
"519",518,"ZI9S640","松仁路往南 松高路-松壽路",32.418804,7.6,121.5,0,121.568439012417,25.0390520357679,121.568354969459,25.0358029814327,2016-05-13,"12_40"
"520",519,"ZJES800","松仁路往北 松高路-忠孝東路",46.63768,3.4666667,75,0,121.570191965881,25.0409869811321,121.568686003029,25.0410379832092,2016-05-13,"12_40"
"521",520,"ZI9R760","松壽路   松智路-市府路",16.242424,10.333333,74.5,2,121.565462026286,25.0358500395745,121.563529047497,25.0358840150263,2016-05-13,"12_40"
"522",521,"ZI9RI20","松壽路往東 市府路-松智路",46.07895,4.8333335,41,0,121.561339958224,25.0359290444265,121.565462026286,25.0358500395745,2016-05-13,"12_40"
"523",522,"ZI9RW20","松壽路   松智路-松仁路",33.673912,2.5333333,47,0,121.563529047497,25.0358840150263,121.567571981239,25.0358150020425,2016-05-13,"12_40"
"524",523,"ZIWR760","松高路往西   松仁路-市府路",19.22857,5.1666665,35.5,2,121.565526037298,25.0390909572895,121.563604049021,25.0391340109023,2016-05-13,"12_40"
"525",524,"ZI9RI40","松智路往南 松高路-松壽路",37.98148,3.5333333,60,0,121.565526037298,25.0390909572895,121.565462026286,25.0358500395745,2016-05-13,"12_40"
"526",525,"ZIWRJ00","松智路往北   松高路-松壽路",42.296875,3.2,69.5,0,121.565462026286,25.0358500395745,121.565526037298,25.0390909572895,2016-05-13,"12_40"
"527",526,"ZSM4D60","康湖路  康樂隧道住西",46.255814,2,27.5,0,121.62328997197,25.0782929587753,121.614297041317,25.0783040001469,2016-05-13,"12_40"
"528",527,"ZTEZS60","康湖路  成功隧道往西",54.851063,2.1,32,0,121.614297041317,25.0783040001469,121.606728971073,25.0815539591478,2016-05-13,"12_40"
"529",528,"ZM010A0","復北地下道往北",60.57353,3.2,68.5,0,121.543293010912,25.0526770071354,121.543604042915,25.0502569816267,2016-05-13,"12_40"
"530",529,"ZM210E0","復北地下道往南",63.767857,9.2,189.5,0,121.543685015519,25.0507070048541,121.543639996839,25.0478700113867,2016-05-13,"12_40"
"531",530,"ZHJRJ60","信義路往西 松仁路-松智路",38.575756,4,41.5,1,121.568291995067,25.0328239644553,121.565399005848,25.0328889864399,2016-05-13,"12_40"
"532",531,"ZHJS620","信義路   松智路-松仁路",39.7,0.8,20,1,121.565399005848,25.0328889864399,121.568291995067,25.0328239644553,2016-05-13,"12_40"
"533",532,"ZHKPV60","信義路   光復南路-基隆路",23.160305,9.933333,144,1,121.559572982138,25.0330190123501,121.557472029698,25.0330630202679,2016-05-13,"12_40"
"534",533,"ZHKQD60","信義路往西 松智路-基隆路",32.68182,9.2,45,0,121.561346000281,25.0329670051349,121.559572982138,25.0330190123501,2016-05-13,"12_40"
"535",534,"ZHKQP20","信義路   基隆路-松智路",40.07595,6,79,0,121.559572982138,25.0330190123501,121.561346000281,25.0329670051349,2016-05-13,"12_40"
"536",535,"ZHMML20","信義路四段  復興南路-大安路一段",35.217392,3.7,46.5,0,121.543589997887,25.0333580219207,121.545959009029,25.0333140381647,2016-05-13,"12_40"
"537",536,"ZHNJV20","信義路二段 金山南路一段-新生南路一段",27.031496,22.6,138.5,0,121.529966998193,25.0336970279168,121.532731042103,25.0335689678089,2016-05-13,"12_40"
"538",537,"ZIBHV20","信義路　紹興南(往東)",48.435898,1.6666667,41,0,121.521081991794,25.0370229803464,121.522743967498,25.0362140038064,2016-05-13,"12_40"
"539",539,"ZLMR820","南京東　三民路(往東)",47.789474,4.4,23.5,0,121.560826031736,25.0514589603378,121.563808990757,25.0514019858846,2016-05-13,"12_40"
"540",540,"ZLRHT61","南京東路二段 林森北路- 中山北路一段",39.42857,9.333333,140,0,121.525377993726,25.0520939617721,121.52257401473,25.0522299753826,2016-05-13,"12_40"
"541",541,"ZM6GJ00","南京西路  重慶北路-承德路",37.550724,6.3,71,0,121.515453993572,25.0512350420078,121.516127982904,25.0536160251129,2016-05-13,"12_40"
"542",542,"ZM7FI60","南京西路  西寧北路-重慶北路",41.55,3.6,21.5,0,121.511757968972,25.0538570290277,121.511044004189,25.0538139857533,2016-05-13,"12_40"
"543",543,"ZM7FN60","南京西路  重慶北路-西寧北路",41.5,1.5,8,0,121.514345042521,25.0540280223188,121.511757968972,25.0538570290277,2016-05-13,"12_40"
"544",544,"ZM9QH20","健康路    光復北路-三民路",51.8,1.2,22.5,0,121.558071018075,25.0537710361299,121.560480029864,25.0539610333122,2016-05-13,"12_40"
"545",545,"ZMBWS20","南港路    東新街-向陽路",240,0,1,0,121.589773975213,25.0533690260495,121.591869039514,25.0540739950209,2016-05-13,"12_40"
"546",546,"ZMH3J60","南港路惠民街往西",47.514286,8.3,78.5,0,121.613222967702,25.055304999313,121.610307022877,25.0549559812064,2016-05-13,"12_40"
"547",547,"ZFVKW40","建國南路  和平東路-信義路",54.808823,4.7,69.5,0,121.537804008446,25.0334790135061,121.537671024771,25.0256339943513,2016-05-13,"12_40"
"548",548,"ZHMKW40","建國南路  信義路-和平東路",48.594593,1.7333333,37.5,0,121.537882966645,25.0380649934768,121.537804008446,25.0334790135061,2016-05-13,"12_40"
"549",549,"ZINKW00","建國南路  信義路-仁愛路",45,0.6666667,5,0,121.537804008446,25.0334790135061,121.537882966645,25.0380649934768,2016-05-13,"12_40"
"550",550,"ZINKW40","建國南路  仁愛路-信義路",65.80769,1.5333334,58,0,121.537077016111,25.0417060435019,121.537882966645,25.0380649934768,2016-05-13,"12_40"
"551",551,"ZJ7KV40","建國南路  仁愛路-忠孝東路",36.098038,5.5,52,0,121.537077016111,25.0417060435019,121.537714045008,25.0401419725629,2016-05-13,"12_40"
"552",552,"ZJHKR40","建國南路  忠孝東路-仁愛路",41.25,3.1333334,64.5,0,121.53670903176,25.0483700001353,121.537077016111,25.0417060435019,2016-05-13,"12_40"
"553",553,"ZK7KP40","建國北路  長安東路-忠孝東路",21,5.25,15.5,1,121.536660023401,25.0460589913958,121.536654952605,25.044894027352,2016-05-13,"12_40"
"554",554,"ZLAKQ20","建國北路  長安東路-南京東路",44.579712,5.0666666,164,0,121.53670903176,25.0483700001353,121.536755027745,25.0496699659117,2016-05-13,"12_40"
"555",555,"ZLRKQ40","建國北路  南京東路-長安東路",42.97619,2.5,43,0,121.536845962901,25.0547340197055,121.536785012301,25.0519810422149,2016-05-13,"12_40"
"556",556,"ZMEKQ40","建國北路  民生東路-南京東路",36.325844,7.5,90.5,0,121.537017999938,25.0623710424569,121.536845962901,25.0547340197055,2016-05-13,"12_40"
"557",557,"ZN5KR40","建國北路  民權東路-民生東路",67.26471,1.3,34.5,0,121.536969049226,25.0602590163787,121.536919039933,25.057858005413,2016-05-13,"12_40"
"558",558,"ZNLKR60","建國北路  民生東路-民權東路",35.56701,5.3,97.5,0,121.536919039933,25.057858005413,121.536969049226,25.0602590163787,2016-05-13,"12_40"
"559",559,"ZP5KR40","建國北路  民權東路-民生東路",28.916666,8.5,38.5,1,121.533306991068,25.0682079612344,121.537017999938,25.0623710424569,2016-05-13,"12_40"
"560",560,"ZPLKP40","建國北路  民權東路-民族東路",39.88889,4.1,56.5,0,121.533306991068,25.0682079612344,121.536731988135,25.0648819646366,2016-05-13,"12_40"
"561",561,"ZDKJT00","思源街    永福橋-汀州路",64.73333,2.8,50,0,121.536298988058,25.0109500438487,121.532225011006,25.0150820419637,2016-05-13,"12_40"
"562",562,"Z0UVS20","指南路三段      永興橋(往東)",37,2,2,0,121.58002702861,24.9850200340848,121.586386007339,24.9764449627281,2016-05-13,"12_40"
"563",563,"Z1IUI20","指南路    木新路-三段",19.133333,59.5,16.5,2,121.575850016972,24.9876089936322,121.58002702861,24.9850200340848,2016-05-13,"12_40"
"564",564,"ZHM3N40","研究院路  四段-三段",19,3.8,13.5,1,121.613304013734,25.0338629974488,121.610802951982,25.0330880416036,2016-05-13,"12_40"
"565",565,"ZHX4E40","研究院路  舊莊路-研究院路",39.333332,1.4,13.5,0,121.616912004968,25.0360509867224,121.614367956927,25.0346169553628,2016-05-13,"12_40"
"566",566,"ZJM4U00","研究院路  研究院路-舊莊路",28.172413,6.4,30.5,1,121.617002994333,25.0383530195968,121.616088990815,25.0438190201437,2016-05-13,"12_40"
"567",567,"ZJT4T00","胡適國小　研究(往北)",40.29032,3.4,33.5,0,121.620339975442,25.0398560094018,121.616924962474,25.0425240066233,2016-05-13,"12_40"
"568",568,"ZKE4M40","研究院路  忠孝東路-舊莊路",39.71875,3.4,32.5,0,121.615420955902,25.0469359943905,121.615421998675,25.045238998741,2016-05-13,"12_40"
"569",569,"ZKP4L00","研究院路  舊莊路-忠孝東路",36.227272,5.25,23,0,121.616924962474,25.0425240066233,121.615420955902,25.0469359943905,2016-05-13,"12_40"
"570",570,"ZMZZC20","重陽路    向陽路-興華路",60.25,3,25.5,0,121.604423028307,25.0576889819246,121.605365969207,25.0578289570684,2016-05-13,"12_40"
"571",571,"ZMZZC60","重陽路    三重路-興華路",57.333332,3,19,0,121.606674957763,25.0580949967257,121.605365969207,25.0578289570684,2016-05-13,"12_40"
"572",572,"ZND3C20","重陽路    興華路-向陽路",70,3,32,0,121.606674957763,25.0580949967257,121.609147045383,25.0588249913166,2016-05-13,"12_40"
"573",573,"ZFDGP01","中正橋 還河東路-重慶路三段",57.67857,3.45,113.5,0,121.515554967994,25.0176109602662,121.516851988793,25.0230440039356,2016-05-13,"12_40"
"574",574,"ZFVGM00","中正橋(往北)",58.545456,0.9,33.5,0,121.516834996122,25.02388403899,121.516376978859,25.025673016978,2016-05-13,"12_40"
"575",575,"ZFVGM40","中正橋(往南)",44.94737,1.2,42.5,0,121.515957978162,25.0272459956899,121.516376978859,25.025673016978,2016-05-13,"12_40"
"576",576,"ZGBGJ40","重慶南路  寧波西路-和平西路",52.148148,2.9,56,0,121.515285034627,25.0297760208443,121.515957978162,25.0272459956899,2016-05-13,"12_40"
"577",577,"ZGSGF00","重慶南路  和平西路-寧波西路",46.765625,3.7,64,0,121.515957978162,25.0272459956899,121.515285034627,25.0297760208443,2016-05-13,"12_40"
"578",578,"ZGSGF40","重慶南路  南海路-寧波西路",49.55357,3.1,57,0,121.514411951374,25.0318909909112,121.515285034627,25.0297760208443,2016-05-13,"12_40"
"579",579,"ZHBGA00","重慶南路  寧波西街-南海路",54.88889,2.7,63.5,0,121.515285034627,25.0297760208443,121.514411951374,25.0318909909112,2016-05-13,"12_40"
"580",580,"ZHBGA40","重慶南路  愛國西路-南海路",47.51351,2.625,37,0,121.512464029297,25.0352839832108,121.514411951374,25.0318909909112,2016-05-13,"12_40"
"581",581,"ZHYFT00","重慶南路  南海路-愛國西路",50.238094,1.7,42,0,121.514411951374,25.0318909909112,121.512464029297,25.0352839832108,2016-05-13,"12_40"
"582",582,"ZHYFT40","重慶南路  凱達格蘭-愛國西路",42.775864,4.1,58,0,121.512825007056,25.0387580163315,121.512464029297,25.0352839832108,2016-05-13,"12_40"
"583",583,"ZISFV00","重慶南路  愛國西路-凱達格蘭",45.35294,2.2,34.5,0,121.512464029297,25.0352839832108,121.512825007056,25.0387580163315,2016-05-13,"12_40"
"584",584,"ZJLFX40","重慶南路  忠孝西路-貴陽街",25.542856,10,36,1,121.513200976881,25.043423974533,121.513185975727,25.0422959656717,2016-05-13,"12_40"
"585",585,"ZJTFX00","重慶南路  凱達格蘭-忠孝西路",31.49091,4.8,57,0,121.513185975727,25.0422959656717,121.513200976881,25.043423974533,2016-05-13,"12_40"
"586",586,"ZLMG600","重慶北路  南京西路-忠孝西路",44.5,3.25,18,0,121.513657022645,25.0506269959056,121.513928993666,25.0515830323019,2016-05-13,"12_40"
"587",587,"ZM8GA00","重慶北路  忠孝西路-南京西路",43.4,4.3333335,20,0,121.513928993666,25.0515830323019,121.514345042521,25.0540280223188,2016-05-13,"12_40"
"588",588,"ZNNFY00","重慶北路  民權西路-南京西路",41.847828,2.5333333,48,0,121.513642993311,25.0592219587576,121.513560982172,25.0607570152558,2016-05-13,"12_40"
"589",589,"ZP8FZ00","重慶北路  南京西路-民權西路",51.096775,2.3333333,65,0,121.513560982172,25.0607570152558,121.513579991329,25.0629869739192,2016-05-13,"12_40"
"590",590,"ZP8FZ40","重慶北路  民族西路-民權西路",38.463768,5.3333335,72,0,121.513655977625,25.0646660225622,121.513579991329,25.0629869739192,2016-05-13,"12_40"
"591",591,"ZQGFY00","重慶北路  民權西路-民族西路",45.80851,2.9999998,48.5,0,121.513725959187,25.0672099803909,121.51373200123,25.0686110250405,2016-05-13,"12_40"
"592",592,"ZQGFY40","重慶北路　民族往南",51.95283,3.6,109.5,0,121.513739992576,25.0705030087528,121.51373200123,25.0686110250405,2016-05-13,"12_40"
"593",593,"ZT9FV00","重慶北路  酒泉街-後港街",39.21875,10.333334,100.5,1,121.513790034659,25.0728989733292,121.513119963143,25.0810360205121,2016-05-13,"12_40"
"594",594,"ZTGFS00","重慶北路  後港街-中正路",45.77451,8.333333,103,1,121.513119963143,25.0810360205121,121.511903039504,25.0839469842273,2016-05-13,"12_40"
"595",595,"ZN0A0E0","新生高   濟南-八德路",62.77193,7.4,122,0,121.529611986266,25.0417600146039,121.530451043206,25.0445199751198,2016-05-13,"12_40"
"596",596,"ZN0B0E0","新生高    八德路-長安東路",46.51613,4.4,62,0,121.530451043206,25.0445199751198,121.529929035464,25.0482229884047,2016-05-13,"12_40"
"597",597,"ZN0C0E0","新生高    長安東路-民生東路",64.125,4.8,97,0,121.529929035464,25.0482229884047,121.527834991006,25.0580210253257,2016-05-13,"12_40"
"598",598,"ZN0D0E0","新生高    民生東路-民權東路",81.37079,4,91,0,121.527834991006,25.0580210253257,121.527920015602,25.0626209720921,2016-05-13,"12_40"
"599",599,"ZN0E0E0","新生高    民權東路-民族東路",59.68675,4.6,84,0,121.527920015602,25.0626209720921,121.528063040076,25.0683780157201,2016-05-13,"12_40"
"600",600,"ZN0F0E0","新生高    民族東路-中山北路",41.666668,6.466666,159,1,121.528063040076,25.0683780157201,121.526515048147,25.0744939685962,2016-05-13,"12_40"
"601",601,"ZN2B0E0","新生高    民族東路-常春路",60.7093,4.8,86,0,121.527500962848,25.0684099869996,121.527275983599,25.05486797244,2016-05-13,"12_40"
"602",602,"ZN2C0E0","新生高    常春路-長安東路",63.5,3.2,108.5,0,121.527275983599,25.05486797244,121.529315048607,25.0481229795987,2016-05-13,"12_40"
"603",603,"ZN2D0E0","新生高    長安東路-八德路",53.402657,9.533334,227,0,121.529315048607,25.0481229795987,121.530055043211,25.0443380281949,2016-05-13,"12_40"
"604",604,"ZN2E0E0","新生高    八德路-濟南路",63.39394,3.4,66,0,121.530055043211,25.0443380281949,121.529345963312,25.0418200062659,2016-05-13,"12_40"
"605",605,"ZIME520","桂林路    康定路-中華路",37,4.4,33,0,121.501794036448,25.0383079783981,121.503843963401,25.0379939957712,2016-05-13,"12_40"
"606",606,"ZIME560","桂林路    中華路-康定路",22.828571,9.7,52,1,121.505160971467,25.0377549740791,121.503843963401,25.0379939957712,2016-05-13,"12_40"
"607",607,"ZIQDB00","桂林路    環河南路-康定路",30.512821,4.7,40,0,121.499359007,25.0366640361962,121.499801972417,25.0384510166092,2016-05-13,"12_40"
"608",608,"ZM7PP60","健康路    三民路-光復北路",49.954544,1.5,24.5,0,121.558071018075,25.0537710361299,121.556594046076,25.0536500051492,2016-05-13,"12_40"
"609",609,"ZM8PX60","健康路    塔悠路-三民路",55.55682,6.8,97.5,0,121.560480029864,25.0539610333122,121.558071018075,25.0537710361299,2016-05-13,"12_40"
"610",610,"ZMCSE20","健康路    三民路-塔悠路",49.149734,24.9,223.5,0,121.567261022773,25.0542959595979,121.569838992141,25.0544760409088,2016-05-13,"12_40"
"611",611,"ZRKQZ40","基湖路    堤頂大道-樂群一路",43.9,2.75,11,0,121.56434000264,25.0786830098929,121.563198032993,25.0760600169591,2016-05-13,"12_40"
"612",612,"ZSPRA00","基湖路    樂群一路-堤頂大道",34.333332,1.5,6,1,121.563198032993,25.0760600169591,121.56434000264,25.0786830098929,2016-05-13,"12_40"
"613",613,"ZSPRA40","基湖路    內湖路-堤頂大道",25.142857,6.5,43.5,0,121.565014032304,25.0808109638181,121.56434000264,25.0786830098929,2016-05-13,"12_40"
"614",614,"ZCNKM20","福和橋(往東)",35.80488,3.8,46,0,121.527191965573,25.0058279992405,121.536298988058,25.0109500438487,2016-05-13,"12_40"
"615",615,"ZEFMN40","基隆路    台科大-辛亥路",45.212765,4,48.5,0,121.548697955585,25.0209529930949,121.546649048669,25.0191459845886,2016-05-13,"12_40"
"616",616,"ZF9NH00","基隆路    和平東路-辛亥路",56.444443,1.125,36.5,0,121.548697955585,25.0209529930949,121.550270031923,25.0223379595141,2016-05-13,"12_40"
"617",617,"ZFMNV00","基隆路    辛亥路-樂業街",32.438774,8.9,101,0,121.550270031923,25.0223379595141,121.552538018027,25.024342990434,2016-05-13,"12_40"
"618",618,"ZG7PG50","基隆路   光復南路-和平東路",42.906544,7.2,112.5,0,121.556058975459,25.0274349782037,121.555025031734,25.0265179787745,2016-05-13,"12_40"
"619",619,"ZGTPW00","基隆路往北 和平-光復",39.61111,8.6,114.5,0,121.557256035227,25.0291639754068,121.557395974638,25.0293889718943,2016-05-13,"12_40"
"620",620,"ZGTPW50","基隆路往南   信義路-光復南路",38.08029,7.8666663,140.5,0,121.558972965305,25.0320100367059,121.557395974638,25.0293889718943,2016-05-13,"12_40"
"621",621,"ZI9QP10","基隆路   信義路-松壽路",67.608696,4.3,92.5,0,121.559572982138,25.0330190123501,121.561339958224,25.0359290444265,2016-05-13,"12_40"
"622",622,"ZI9QP12","基隆路地下道 松高路-忠孝東路",33.933334,2.7,32,1,121.559572982138,25.0330190123501,121.561339958224,25.0359290444265,2016-05-13,"12_40"
"623",623,"ZIKQU50","基隆路   忠孝東路-松高路",36.148148,39.1,110.5,0,121.564464988337,25.041143998202,121.562308045387,25.0375229893969,2016-05-13,"12_40"
"624",624,"ZJERC40","基隆路    松隆路-忠孝東路",35.54321,14.3,114,1,121.565833015229,25.0434050150789,121.564464988337,25.041143998202,2016-05-13,"12_40"
"625",625,"ZJERC50","基隆路地下道 松隆路-忠孝東路",49.604168,5.2,96.5,0,121.565833015229,25.0434050150789,121.564464988337,25.041143998202,2016-05-13,"12_40"
"626",626,"ZJERC51","基隆路地下道 忠孝東路-仁愛路",62.534885,51.7,43,0,121.565833015229,25.0434050150789,121.564464988337,25.041143998202,2016-05-13,"12_40"
"627",627,"ZJERC52","基隆路地下道 仁愛路-莊敬路",65.623764,5.1,102.5,0,121.565833015229,25.0434050150789,121.564464988337,25.041143998202,2016-05-13,"12_40"
"628",628,"ZJVRL10","基隆路地下道 忠孝東路-松隆路",36.409523,8.9,106.5,0,121.564464988337,25.041143998202,121.565833015229,25.0434050150789,2016-05-13,"12_40"
"629",629,"ZJVRL11","基隆路地下道 莊敬路-仁愛路",57.252426,5,105.5,0,121.564464988337,25.041143998202,121.565833015229,25.0434050150789,2016-05-13,"12_40"
"630",630,"ZL9SB00","基隆路    永吉路-南京東路",41.506023,4.5,90.5,0,121.568668999219,25.0481160326374,121.569388952581,25.049394985048,2016-05-13,"12_40"
"631",631,"ZIDDL00","康定路    艋舺大道-桂林路",46.5625,1.8,16,0,121.501225987764,25.0352050366073,121.501469028516,25.0365849766857,2016-05-13,"12_40"
"632",632,"ZH6CN60","莒光路    萬大路-西園路",67.25,0,4,0,121.499128048313,25.0311129696554,121.496789992364,25.0310400013737,2016-05-13,"12_40"
"633",633,"ZH6DG20","莒光路    西園路-萬大路",57.714287,0.4,7,0,121.499128048313,25.0311129696554,121.500584951897,25.0311530298818,2016-05-13,"12_40"
"634",634,"ZH6DG60","莒光路    中華路-萬大路",45.875,1.6,17,0,121.502260029259,25.0312110268967,121.500584951897,25.0311530298818,2016-05-13,"12_40"
"635",635,"ZH7E720","莒光路    萬大路-中華路",32.53846,5.3333335,15,1,121.502260029259,25.0312110268967,121.504123006686,25.0312500407107,2016-05-13,"12_40"
"636",636,"ZH7E760","莒光路    和平西路-中華路",53,0,4,0,121.506758960352,25.0312319580554,121.504123006686,25.0312500407107,2016-05-13,"12_40"
"637",637,"ZPMSV40","堤頂大道  舊宗路-民權東路",58.090908,1.0666667,33,0,121.574644036603,25.0689740335339,121.572434000748,25.0648929728907,2016-05-13,"12_40"
"638",638,"ZPMSV41","堤頂大道  港墘路-舊宗路",39.903847,5.866667,108.5,1,121.574644036603,25.0689740335339,121.572434000748,25.0648929728907,2016-05-13,"12_40"
"639",639,"ZRPSV00","堤頂大道  舊宗路-港墘路",41.36434,7.3333335,133,1,121.576456997579,25.0689400113753,121.573104990119,25.0727450219422,2016-05-13,"12_40"
"640",640,"ZRPSV01","堤頂大道  民權東路-高速公路",54.649574,3.6,117,0,121.576456997579,25.0689400113753,121.573104990119,25.0727450219422,2016-05-13,"12_40"
"641",641,"ZRRST60","港墘路    瑞光路-堤頂大道",44.638298,9.7,99.5,0,121.574925973856,25.0763489994483,121.572251018319,25.0745540072367,2016-05-13,"12_40"
"642",642,"ZSGRX60","堤頂大道  港墘路-樂群一路",46.542553,6.1,94,0,121.568615951823,25.0773579907238,121.569426041674,25.0788620194116,2016-05-13,"12_40"
"643",643,"ZSPRA20","堤頂大道  樂群二路-基湖路",49.711113,2.9,46,0,121.562681985922,25.0802690253066,121.56434000264,25.0786830098929,2016-05-13,"12_40"
"644",644,"ZSPRA60","堤頂大道  樂群一路-基湖路",51.72131,7.1,63,0,121.569426041674,25.0788620194116,121.56434000264,25.0786830098929,2016-05-13,"12_40"
"645",645,"ZT5QV00","堤頂大道  基湖路-樂群二路",30.125,12.3,69,1,121.56434000264,25.0786830098929,121.559675991089,25.0798829786784,2016-05-13,"12_40"
"646",646,"ZTXQL00","堤頂大道  樂群二路-內湖路",54.560974,4.8333335,41,0,121.559675991089,25.0798829786784,121.560798025759,25.0844919629128,2016-05-13,"12_40"
"647",647,"ZEWM500","復興南路  和平東路-辛亥路",44.813953,3.9,45,0,121.546649048669,25.0191459845886,121.543358978541,25.0212439864241,2016-05-13,"12_40"
"648",648,"ZFQM600","復興南路  辛亥路-和平東路",38.638298,5.75,47.5,0,121.543358978541,25.0212439864241,121.543424023128,25.0248549855301,2016-05-13,"12_40"
"649",649,"ZHLM800","復興南路  信義路-和平東路",46.642105,5.3333335,101,0,121.543450996578,25.0265249930903,121.543514975026,25.029802044624,2016-05-13,"12_40"
"650",650,"ZHMM600","復興南路  和平東路-信義路",34.81081,4.466666,75.5,0,121.543514975026,25.029802044624,121.543589997887,25.0333580219207,2016-05-13,"12_40"
"651",651,"ZIAM700","復興南路  仁愛路-信義路",37.641304,6.2,99,0,121.543589997887,25.0333580219207,121.543641970198,25.0360669774207,2016-05-13,"12_40"
"652",652,"ZJHM700","復興南路  八德路-仁愛路",41.55118,8.6,136.5,0,121.543679972316,25.0379439557612,121.543765995297,25.0416090380889,2016-05-13,"12_40"
"653",653,"ZK8M700","復興南路  仁愛路-八德路",48.25641,4.2,80,0,121.543765995297,25.0416090380889,121.543858974563,25.0448049947736,2016-05-13,"12_40"
"654",654,"ZLZM900","復興北路  民生東路-八德路",47.831932,6.933333,126.5,0,121.543979964999,25.0498779617246,121.544039016678,25.0518279865621,2016-05-13,"12_40"
"655",655,"ZMQMV00","復興北路  長安東路-民生東路",45.686275,2.8,51,0,121.544039016678,25.0518279865621,121.544080009502,25.0545359821337,2016-05-13,"12_40"
"656",656,"ZMZM900","復興北路  民族東路-民生東路",42.209522,4.333333,113,0,121.544127005921,25.0560889961357,121.544143954275,25.0577500050787,2016-05-13,"12_40"
"657",657,"ZPWMA00","復興北路  復興北路479巷-民族東路",38.789474,4.75,20.5,0,121.544261967908,25.0642500363121,121.544311026851,25.0663800226034,2016-05-13,"12_40"
"658",658,"ZFNN700","敦化南路  和平東路-基隆路",37.60784,3.75,52,0,121.548697955585,25.0209529930949,121.54872397733,25.0245550136163,2016-05-13,"12_40"
"659",659,"ZG8N700","敦化南路  基隆路-和平東路",31.943396,10.333333,55,0,121.54872397733,25.0245550136163,121.548777018159,25.0299090120621,2016-05-13,"12_40"
"660",660,"ZGHN840","敦化南路  信義路-和平東路",32.92857,6.6,84,1,121.548772023306,25.0309469886371,121.548750040726,25.0281210101874,2016-05-13,"12_40"
"661",661,"ZHLN700","敦化南路  和平東路-信義路",31.101852,9,109,1,121.548772023306,25.0309469886371,121.548801983011,25.0332490373958,2016-05-13,"12_40"
"662",662,"ZHLN740","敦化南路  仁愛路-信義路",40.93182,6.3,59,0,121.548832990746,25.0378350028179,121.548801983011,25.0332490373958,2016-05-13,"12_40"
"663",663,"ZI6NV00","敦化南路  信義路-仁愛路",54.142857,7.5,105,0,121.548801983011,25.0332490373958,121.548841029422,25.0353880048891,2016-05-13,"12_40"
"664",664,"ZIMN840","敦化南路  忠孝東路-仁愛路",47.727272,3,34,0,121.548869022134,25.0414999940247,121.548832990746,25.0378350028179,2016-05-13,"12_40"
"665",665,"ZJGN700","敦化南路  仁愛路-忠孝東路",36.53846,6.6,55.5,0,121.548832990746,25.0378350028179,121.548869022134,25.0414999940247,2016-05-13,"12_40"
"666",666,"ZJGN740","敦化南路  市民大道-忠孝東路",55.139534,3.75,43.5,0,121.548813990848,25.0425840163909,121.548869022134,25.0414999940247,2016-05-13,"12_40"
"667",667,"ZJGPQ00","敦化南路  忠孝東路-市民大道",45.442623,6.9,66.5,0,121.548869022134,25.0414999940247,121.548883040402,25.0448050256844,2016-05-13,"12_40"
"668",668,"ZKWN800","敦化南路  市民大道-南京東路",60.25926,4.375,54.5,0,121.548813990848,25.0425840163909,121.548917990989,25.0481810293354,2016-05-13,"12_40"
"669",669,"ZLPN800","敦化北路  南京東路-民生東路",53.94091,32,277,0,121.548917990989,25.0481810293354,121.548953968455,25.0517199839821,2016-05-13,"12_40"
"670",670,"ZLPN840","敦化北路　南京往南",57.94737,1.125,19.5,0,121.548975960019,25.054409990941,121.548953968455,25.0517199839821,2016-05-13,"12_40"
"671",671,"ZMYN840","敦化北路　民生往南",46.5625,0.6,17,0,121.550771020132,25.0614809697749,121.549010024689,25.0576959838419,2016-05-13,"12_40"
"672",672,"ZNUNJ00","敦化北路  民生東路-民權東路",40.634148,2.6,44.5,0,121.549010024689,25.0576959838419,121.550771020132,25.0614809697749,2016-05-13,"12_40"
"673",673,"ZRRST40","堤頂大道  樂群一路-港墘路",47.588234,5.4,86,0,121.568615951823,25.0773579907238,121.572251018319,25.0745540072367,2016-05-13,"12_40"
"674",674,"ZS9TE00","港墘路    堤頂大道-瑞光路",20.4,17,51,2,121.572251018319,25.0745540072367,121.574925973856,25.0763489994483,2016-05-13,"12_40"
"675",675,"ZSKTL00","港墘路    瑞光路-內湖路",42.223682,20.875,82,0,121.574925973856,25.0763489994483,121.576463957465,25.0787899816642,2016-05-13,"12_40"
"676",676,"ZN7ST40","塔悠路    民生東路-南京東路",39.91228,4.25,57,0,121.569336036624,25.0573130410427,121.569219980236,25.0579359682357,2016-05-13,"12_40"
"677",677,"ZPDS600","塔悠路    民生東路-民權東路",55.90698,2,43,0,121.568987952517,25.0592009613265,121.568254989216,25.0635370375905,2016-05-13,"12_40"
"678",678,"ZHWGD60","愛國東路  杭州南路-中山南路",47.204082,5.5,55,0,121.518562980948,25.0341250146345,121.516464971111,25.0348820142513,2016-05-13,"12_40"
"679",679,"ZDTJW60","新生南路 辛亥路-羅斯福路",45.866142,8.133333,140,0,121.533757971868,25.0191209592005,121.532676048938,25.0163530294391,2016-05-13,"12_40"
"680",680,"ZF9KB00","新生南路  羅斯福路-辛亥路",44.961906,7.333333,125.5,0,121.534021047706,25.0203840395118,121.534426045252,25.0223860105166,2016-05-13,"12_40"
"681",681,"ZF9KB40","新生南路  和平東路-辛亥路",46.19149,2,64,0,121.534621959602,25.0239930302186,121.534426045252,25.0223860105166,2016-05-13,"12_40"
"682",682,"ZFYKD00","新生南路  和平東路-信義路",47,1.4666667,36,0,121.534621959602,25.0239930302186,121.534867967877,25.0260230159196,2016-05-13,"12_40"
"683",683,"ZFYKD40","新生南路  信義路-和平東路",41.940742,7.25,152,0,121.534501041606,25.0282630326504,121.534867967877,25.0260230159196,2016-05-13,"12_40"
"684",684,"ZHNJV00","新生南路  和平東路-信義路",59.81081,4.75,134,0,121.533668995557,25.0306229867882,121.532731042103,25.0335689678089,2016-05-13,"12_40"
"685",685,"ZHNJV40","新生南路  仁愛路-信義路",52.333332,0.7333333,48,0,121.532745998436,25.0370089766945,121.532731042103,25.0335689678089,2016-05-13,"12_40"
"686",686,"ZINJW00","新生南路  信義路-仁愛路",50.031746,1.6,63.5,0,121.532745998436,25.0370089766945,121.53278995384,25.0381459966656,2016-05-13,"12_40"
"687",687,"ZJWJ700","濟南路　新生南(往北)",45.514286,1.3,36,0,121.53278995384,25.0381459966656,121.532799029026,25.0401319618055,2016-05-13,"12_40"
"688",688,"ZJWJ740","濟南路　新生南(往南)",44.574467,2.7,49,0,121.532867951087,25.0422989956186,121.532799029026,25.0401319618055,2016-05-13,"12_40"
"689",689,"Z1TT960","新光路    秀明路-指南路",27.833334,2.4,19.5,0,121.57369500163,24.9908399886069,121.573683016811,24.9880870052629,2016-05-13,"12_40"
"690",690,"Z2AT940","新光路    動物園-秀明路",51.31579,1.7,21,0,121.574766985995,24.991260984932,121.573668989484,24.9916169569256,2016-05-13,"12_40"
"691",691,"Z2RTQ20","新光路    秀明路-動物園",39.545456,2.6,24,0,121.573668989484,24.9916169569256,121.576326038864,24.9963739744138,2016-05-13,"12_40"
"692",692,"Z2WUA20","新光路    動物園-木柵路",53.466667,3,45,0,121.57731999534,24.9970019967358,121.578691028804,24.9978269832943,2016-05-13,"12_40"
"693",693,"Z2ZUI60","新光路    木柵路-動物園",40.25926,2.5,27.5,0,121.556305979647,24.9833049682009,121.580062038462,24.9986430191561,2016-05-13,"12_40"
"694",694,"ZRGUF00","瑞光路    民權東路-陽光街",25.872341,8.6,47.5,1,121.583348953413,25.0696270248052,121.580784016705,25.0721549896682,2016-05-13,"12_40"
"695",695,"ZRLUA20","瑞光路    港墘路-陽光街",24.40909,13.6,44,0,121.575419950873,25.076058008818,121.579185993159,25.0737239793243,2016-05-13,"12_40"
"696",696,"ZS6TI00","瑞光路    陽光街-港墘路",20.717949,16.6,45.5,1,121.576941978354,25.0751140015776,121.575419950873,25.076058008818,2016-05-13,"12_40"
"697",697,"ZS9TE20","瑞光路    基湖路-港墘路",33.25714,7.6,36,0,121.572759036003,25.0773240048015,121.574925973856,25.0763489994483,2016-05-13,"12_40"
"698",698,"ZSNRE00","瑞光路    港墘路-基湖路",40.588234,5.8,35,0,121.572759036003,25.0773240048015,121.567487043713,25.079736043713,2016-05-13,"12_40"
"699",699,"ZGQDF40","萬大路    莒光路-西藏路",15.705882,10.25,18,2,121.500521983662,25.0302869935773,121.500537976666,25.0293929749052,2016-05-13,"12_40"
"700",700,"ZH6DG00","萬大路    西藏路-莒光路",38.857143,3,15,0,121.500521983662,25.0302869935773,121.500584951897,25.0311530298818,2016-05-13,"12_40"
"701",701,"ZWLJQ20","中正路    文林路-雨農路",42.034885,8.2,91.5,0,121.527914004661,25.0957539877762,121.532081004957,25.0965149679756,2016-05-13,"12_40"
"702",702,"ZWLJQ60","福林路    至善路-雨農路",46.659573,3.9,50,0,121.536465021284,25.0992169702622,121.532081004957,25.0965149679756,2016-05-13,"12_40"
"703",703,"ZX9KL00","福林路  雨農路-至善路",24.846153,16.5,95,0,121.532081004957,25.0965149679756,121.536465021284,25.0992169702622,2016-05-13,"12_40"
"704",704,"ZGBBW60","艋舺大道  西園路-西藏路",34.42623,4.4,62.5,0,121.491412989636,25.0320320121273,121.493567010528,25.0304360140662,2016-05-13,"12_40"
"705",705,"ZH9H820","艋舺大道  西藏路-西園路",31.021978,6.1333337,92,0,121.517577958089,25.0307160052516,121.519077965172,25.0316040148366,2016-05-13,"12_40"
"706",706,"ZHPEB20","艋舺大道  西園路-和平西路",56.090908,1.6,22,0,121.502278002316,25.0331429837056,121.504857003723,25.0337749705175,2016-05-13,"12_40"
"707",707,"ZZLKH60","德行東路  忠誠路-東山路",36.833332,2.6,12.5,0,121.537643994892,25.1102899663973,121.535907038271,25.1100249627925,2016-05-13,"12_40"
"708",708,"ZRKQZ20","樂群一路  敬業三路-堤頂大道",51.423077,2.8,26,0,121.556333008992,25.0770699600733,121.563198032993,25.0760600169591,2016-05-13,"12_40"
"709",709,"ZSDPM60","樂群一路  堤頂大道-敬業三路",70,1.25,13,0,121.563198032993,25.0760600169591,121.556333008992,25.0770699600733,2016-05-13,"12_40"
"710",710,"Z1NQM40","興隆路    木柵路-木新路",44.77778,2,9.5,0,121.56015395749,24.9887250125052,121.560907970987,24.9866280101785,2016-05-13,"12_40"
"711",711,"Z1VQH00","興隆路    木新路-木柵路",58.625,2.25,16.5,0,121.560907970987,24.9866280101785,121.56015395749,24.9887250125052,2016-05-13,"12_40"
"712",712,"ZKLLH40","龍江路    南京東路-八德路",23.44,8.4,25,1,121.540416005287,25.0482930031654,121.540507984494,25.0467130279066,2016-05-13,"12_40"
"713",713,"ZLQLI00","龍江路    八德路-南京東路",18.8,2.2,10,1,121.540416005287,25.0482930031654,121.540450964514,25.0519040106691,2016-05-13,"12_40"
"714",714,"ZLQLI40","龍江路    民生東路-南京東路",24.210526,3.2,19,1,121.540503002328,25.0546399550223,121.540450964514,25.0519040106691,2016-05-13,"12_40"
"715",715,"ZMZLI00","龍江路    南京東路-民生東路",34.458332,2.6,24,0,121.540548959927,25.0561019717132,121.540695002758,25.057808013133,2016-05-13,"12_40"
"716",716,"ZNZLJ40","龍江路    民族東路-民權東路",37.882355,11.6,55,0,121.540932009273,25.064270962134,121.540832956369,25.0621860248392,2016-05-13,"12_40"
"717",717,"ZQDLJ00","龍江路    民權東路-民族東路",42.736843,4.5,20,0,121.540968999086,25.0659680093312,121.541008015539,25.0680809705608,2016-05-13,"12_40"
"718",718,"ZJBJ960","濟南路    新生南路-杭州南路",26.806452,3.2,31,1,121.532799029026,25.0401319618055,121.529195013205,25.0408220379251,2016-05-13,"12_40"
"719",719,"ZJJIA20","濟南路    中山北路-杭州南路",38.57143,4.6,22.5,0,121.522650962936,25.0423980324317,121.524412994634,25.0419860111556,2016-05-13,"12_40"
"720",720,"ZJMHU60","濟南路    杭州南路-中山南路",45.125,2.3333333,8,0,121.524412994634,25.0419860111556,121.522650962936,25.0423980324317,2016-05-13,"12_40"
"721",721,"ZJWJ720","濟南路    杭州南路-新生南路",18.451612,7.6,31,1,121.529195013205,25.0408220379251,121.532799029026,25.0401319618055,2016-05-13,"12_40"
"722",722,"ZHPBV00","環河南路  雙園街-和平西路",43.809525,3.75,21.5,0,121.492139966366,25.0328610069458,121.493064999479,25.0338780288592,2016-05-13,"12_40"
"723",723,"ZQGF700","環河北路  民權西路-民族西路",53.267605,5.4666667,142.5,0,121.508455007197,25.0604770203252,121.509152959755,25.0686990238915,2016-05-13,"12_40"
"724",724,"ZR9F600","環河北路  民族西路-敦煌路",66.44444,1.8,72.5,0,121.509152959755,25.0686990238915,121.509138014824,25.0721570054014,2016-05-13,"12_40"
"725",725,"ZU8EF00","環河北路  敦煌路-葫蘆街",44.532932,7.8,167.5,0,121.508831954395,25.0750200412149,121.505624988292,25.0856570244771,2016-05-13,"12_40"
"726",726,"ZU8EF40","環河北路  葫蘆街-敦煌路",60.044247,3.2,113,1,121.544695970665,24.9963479680919,121.505624988292,25.0856570244771,2016-05-13,"12_40"
"727",727,"ZRPSV70","舊宗路    陽光街-港墘路",39.86207,10,63.5,0,121.573532983041,25.0730589879242,121.573104990119,25.0727450219422,2016-05-13,"12_40"
"728",728,"Z1XLD00","羅斯福六段　　338巷(往北)",45.651375,10.733334,133.5,0,121.539627994258,24.9884039846149,121.539593023896,24.9893789696449,2016-05-13,"12_40"
"729",729,"Z2KLN40","羅斯福路  景隆街-景中路",29.342857,7.6,107.5,0,121.540895038682,24.9971659705988,121.541157029211,24.9959370121235,2016-05-13,"12_40"
"730",730,"Z2TLL00","羅斯福路  景中街-景隆街",40.38889,6.266667,94.5,0,121.541157029211,24.9959370121235,121.540895038682,24.9971659705988,2016-05-13,"12_40"
"731",731,"Z2WKS40","羅斯福路  興隆路-景隆街",34.099236,22.533335,141.5,0,121.539572010853,25.0004930345653,121.539924954984,24.9996249638555,2016-05-13,"12_40"
"732",732,"ZB9L800","羅斯福路  景隆街-興隆路",37.24286,4.6,74.5,0,121.538875976488,25.0021749689403,121.538777027579,25.0043600422202,2016-05-13,"12_40"
"733",733,"ZCPKT00","基隆路    羅斯福路-台科大",39.59722,8.4,81,0,121.538218048803,25.0079910080027,121.537151963996,25.0111190411723,2016-05-13,"12_40"
"734",734,"ZCPKT40","羅斯福路  新生南路-舟山路",35.92373,4.8,125,0,121.615421998675,25.045238998741,121.537151963996,25.0111190411723,2016-05-13,"12_40"
"735",735,"ZDTJW00","羅斯福路  舟山路-新生南路",37.22034,4.5333333,67,0,121.615421998675,25.045238998741,121.532676048938,25.0163530294391,2016-05-13,"12_40"
"736",736,"ZELJA00","羅斯福路  新生南路-辛亥路",40.112675,4,73,0,121.530653955262,25.0182920047246,121.529263036135,25.0196959585062,2016-05-13,"12_40"
"737",737,"ZEVIV40","羅斯福路  和平東路-辛亥路",39.902912,8.266667,111.5,0,121.526321019366,25.0222799558399,121.528019016897,25.0208199577727,2016-05-13,"12_40"
"738",738,"ZG9HT00","羅斯福路  辛亥路-和平東路",40.085365,5.7333336,88.5,0,121.524447024164,25.0243270217011,121.522427026731,25.027032997263,2016-05-13,"12_40"
"739",739,"ZG9HT40","羅斯福路  愛國西路-和平東路",41.82443,11.2,147,0,121.521698026325,25.0280380386735,121.522427026731,25.027032997263,2016-05-13,"12_40"
"740",740,"ZGTHG00","羅斯福路  和平東路-愛國東路",39.909092,3.4166667,45,0,121.521698026325,25.0280380386735,121.520388040963,25.0298390434143,2016-05-13,"12_40"
"741",741,"Z1VJK40","環河路   二號疏散門-秀朗大橋(往南)",65.450294,6.333333,173,0,121.535720023976,24.9956970399229,121.530923048693,24.9888780366807,2016-05-13,"12_40"
"742",742,"Z2ASP40","木柵路    萬芳路-秀明路",45.47222,4.6,37,0,121.571743015186,24.9948559781927,121.571124042016,24.9916540118031,2016-05-13,"12_40"
"743",743,"Z2XTE40","木柵路    北二高-萬芳路",47.708332,26.5,25,0,121.575677996718,24.9995900320669,121.574570982811,24.9981499979952,2016-05-13,"12_40"
"744",744,"Z36Q560","至善路    產業道路-中社路",63.2,1,5,0,121.56567803258,25.1131100094587,121.5586820184,25.1119720174553,2016-05-13,"12_40"
"745",745,"Z56BU20","大度路    模構溪-貴子坑溪",48.251797,3.266667,140.5,0,121.471406959474,25.122847008826,121.486079991891,25.121852037788,2016-05-13,"12_40"
"746",746,"Z56BU21","大度路    立德路-模構溪",55.37,4.7333336,208,0,121.471406959474,25.122847008826,121.486079991891,25.121852037788,2016-05-13,"12_40"
"747",747,"Z9FKW40","竹子湖路 頂湖路口-湖田國小",50.6,2.3333333,5,0,121.538266991863,25.1739609595096,121.538424992067,25.1704069966872,2016-05-13,"12_40"
"748",748,"Z9FLB00","陽金公路　　　第二停車場-竹子湖派出所",50.22222,2.6666667,9,0,121.545945950784,25.1554710113384,121.540059043383,25.1702439582841,2016-05-13,"12_40"
"749",749,"Z9HKV40","竹子湖路 中正山岔路口-頂湖路口",47.666668,2.75,7,0,121.53325598564,25.1774710062518,121.538266991863,25.1739609595096,2016-05-13,"12_40"
"750",750,"Z9IJV70","竹子湖路 玉瀧谷入口-中正山岔路口",44.7,1.6,10,0,121.535294977421,25.1693950335072,121.53325598564,25.1774710062518,2016-05-13,"12_40"
"751",751,"ZAAPB40","辛亥路    興隆路-懷恩隧道",43.342106,4,38.5,0,121.554592045127,25.0008260047598,121.554082978219,24.9998619843972,2016-05-13,"12_40"
"752",752,"ZCCKW00","羅斯福路五段 興隆路一段-汀洲路四段",47.18182,5.3,140,0,121.538777027579,25.0043600422202,121.538218048803,25.0079910080027,2016-05-13,"12_40"
"753",753,"ZD9JF40","思源街    汀州路-永福橋",61.807693,3.6,28,0,121.532225011006,25.0150820419637,121.530037960063,25.013373970355,2016-05-13,"12_40"
"754",754,"ZDTJT00","水源快 永春300巷-水源33巷",63.666668,1.7,30,0,121.525982952687,25.0150499941485,121.523984392375,25.0181323884863,2016-05-13,"12_40"
"755",791,"ZSXTK20","內湖路一段629巷至港墘路(往東)",37.4,4.6,51.5,0,121.574458952193,25.0803140070887,121.575813981766,25.0798309947066,2016-05-13,"12_40"
"756",755,"ZE7GH40","水源快 泉州街-中正橋",42.47619,3.6,21.5,0,121.512337036562,25.024008036655,121.515554967994,25.0176109602662,2016-05-13,"12_40"
"757",756,"ZEGCQ40","華中橋(往南)",38.245903,5.1,69.5,0,121.497297962507,25.0193920120634,121.495672046971,25.0167069648863,2016-05-13,"12_40"
"758",757,"ZGIA660","萬板橋入城",46.192307,1.4,26,0,121.491765969925,25.0287539942334,121.48351202909,25.0284549768819,2016-05-13,"12_40"
"759",758,"ZGKBM20","萬板橋出城",50.846153,4.3,56,0,121.48351202909,25.0284549768819,121.491765969925,25.0287539942334,2016-05-13,"12_40"
"760",759,"ZGNEB00","中華路    泉州街-和平西路",26.08185,7.6,283.5,0,121.505894026742,25.0280020254308,121.504797970319,25.0291800395642,2016-05-13,"12_40"
"761",760,"ZHHDF40","康定路    桂林路-艋舺大道",42.789474,5,20,0,121.501225987764,25.0352050366073,121.500523024255,25.0328149544301,2016-05-13,"12_40"
"762",761,"ZHHDF60","艋舺大道  和平西路-西園路",43.5,5.875,52,0,121.502278002316,25.0331429837056,121.500523024255,25.0328149544301,2016-05-13,"12_40"
"763",762,"ZHMKV20","信義路三段 新生-建國",31.857143,0.5833333,14.5,0,121.532731042103,25.0335689678089,121.537689951598,25.0334560434664,2016-05-13,"12_40"
"764",763,"ZHSIP20","信義路二段 杭州南路一段-金山南路一段",50.704918,3.8,62,0,121.532731042103,25.0335689678089,121.52675898022,25.0342589664573,2016-05-13,"12_40"
"765",764,"ZIPIZ00","金山南路  信義路-仁愛路",35.78205,14.4,79,0,121.527272972601,25.0340489558628,121.528340969147,25.0382519822543,2016-05-13,"12_40"
"766",765,"ZJFQQ00","忠孝東　逸仙路(往北)",49.23077,6.2,79.5,0,121.561506001618,25.0375530161359,121.561582048975,25.0412180286531,2016-05-13,"12_40"
"767",766,"ZJGPQ40","敦化南路  南京東路-市民大道",47,5.8,68.5,0,121.548917990989,25.0481810293354,121.548883040402,25.0448050256844,2016-05-13,"12_40"
"768",767,"ZKGKP60","八德路    復興北路-建國北路",30.826086,5.25,23.5,0,121.540507984494,25.0467130279066,121.536660023401,25.0460589913958,2016-05-13,"12_40"
"769",768,"ZLKSH00","環東大道 南京東-永吉(往市民大道)",63.18667,13.6,307.375,0,121.569388952581,25.049394985048,121.570635997613,25.0510870184925,2016-05-13,"12_40"
"770",769,"ZLKSH01","環東大道 南京東-永吉(下基隆路車道)",53.4031,23.6,133.5,0,121.569388952581,25.049394985048,121.570635997613,25.0510870184925,2016-05-13,"12_40"
"771",770,"ZMEKQ20","長春路    松江路-建國北路",51.5625,2.5,16,0,121.534823975309,25.0547690306678,121.536845962901,25.0547340197055,2016-05-13,"12_40"
"772",771,"ZMGXG40","向陽路    南京東路-重陽路",57.876404,6.4,94.5,0,121.5927380079,25.0617350311717,121.594905003222,25.0548470311376,2016-05-13,"12_40"
"773",772,"ZMGXG60","重陽路    興華路-向陽路",34.37931,6,30.5,1,121.598270998839,25.0562240026668,121.594905003222,25.0548470311376,2016-05-13,"12_40"
"774",773,"ZN5KR00","建國北路  南京東路-民生東路",32.435898,10.1,83.5,0,121.536882030345,25.0561880388567,121.536919039933,25.057858005413,2016-05-13,"12_40"
"775",774,"ZN5KR20","民生東路  松江路-建國北路",41.687897,11.333334,174,0,121.53313299757,25.0579159728731,121.536919039933,25.057858005413,2016-05-13,"12_40"
"776",775,"ZN5KR60","民生東路  龍江路-建國北路",46.23611,2.8,72,0,121.539168991943,25.0578130194978,121.536919039933,25.057858005413,2016-05-13,"12_40"
"777",776,"ZNE4D00","三重路    南港路-重陽路",0,0,9,2,121.613990028591,25.0561510020384,121.614202995377,25.0590299560764,2016-05-13,"12_40"
"778",777,"ZNES640","塔悠路    民權東路-民生東路",62.5,1.9,29.5,0,121.566393042917,25.0617389986567,121.56842301712,25.0592030345056,2016-05-13,"12_40"
"779",778,"ZNES900","塔悠路    南京東路-民生東路",42.42857,2.1333334,42.5,0,121.569336036624,25.0573130410427,121.568987952517,25.0592009613265,2016-05-13,"12_40"
"780",779,"ZPBEX40","環河北路  民族西路-民權西路",49.722893,4,83,0,121.509152959755,25.0686990238915,121.508408030157,25.06338404172,2016-05-13,"12_40"
"781",780,"ZPBTD70","舊宗一路 新湖三路-新湖二路",38.408165,7,103.5,0,121.578010563984,25.0617465942066,121.57673898964,25.0634769719204,2016-05-13,"12_40"
"782",781,"ZRCM940","北安路　　大直橋(往南)",59.5,2.7333333,84,0,121.544439045382,25.0797320109504,121.54394103146,25.0723759943564,2016-05-13,"12_40"
"783",782,"ZRNIF00","中山北路三段 酒泉街-新生北路三段",57.068626,3,105,0,121.523484986936,25.0706980075331,121.52537896751,25.0742620007958,2016-05-13,"12_40"
"784",783,"ZRNIF40","中山北   圓山隧道(往南)",55.042553,7,196,0,121.524396034032,25.0797770077648,121.52537896751,25.0742620007958,2016-05-13,"12_40"
"785",784,"ZS7SN60","堤頂大道二段 基湖路-堤頂大道二段246巷",68.48485,3.5,66.5,0,121.56434000264,25.0786830098929,121.568615951823,25.0773579907238,2016-05-13,"12_40"
"786",785,"ZSHZU60","康寧路至康湖路",39.666668,0.25,4,0,121.606728971073,25.0815539591478,121.60709802556,25.0775119867938,2016-05-13,"12_40"
"787",786,"ZSMQQ40","堤頂大道  內湖路-樂群二路",54.128204,2.5,39,0,121.560798025759,25.0844919629128,121.562681985922,25.0802690253066,2016-05-13,"12_40"
"788",787,"ZSNVA60","內湖路二段66巷至文德路(往西)",35.586956,8.6,49.5,0,121.581201016291,25.0784730419353,121.578872007996,25.0785819934189,2016-05-13,"12_40"
"789",788,"ZSQVZ20","文德路101巷至220巷(往東)",49.97222,2.3,36.5,0,121.583618987703,25.0785000267399,121.588001994132,25.0787989772924,2016-05-13,"12_40"
"790",789,"ZSSWC60","文德路　成功路(往西)",42.951614,4.4,65.5,0,121.590956045347,25.0807640102294,121.588795956516,25.0789939938149,2016-05-13,"12_40"
"791",790,"ZSVMA00","濱江街　　大直橋(往北)",58.80357,1.5999999,56,0,121.54394103146,25.0723759943564,121.544439045382,25.0797320109504,2016-05-13,"12_40"
"792",792,"ZT6HS40","後港街 承德路(往南)",43.151516,1.8666666,33,0,121.5231270065,25.0821649794345,121.522416987497,25.0807320219209,2016-05-13,"12_40"
"793",793,"ZT8SZ60","內湖路一段洲子街至591巷(往西)",43.47826,1.3,23.5,0,121.574141993349,25.080432958623,121.573151968088,25.080771001613,2016-05-13,"12_40"
"794",794,"ZTHRR20","內湖一段二八五(往東)",45.8,2.6,41.5,0,121.565517009718,25.0823620446203,121.566873977606,25.0821579806827,2016-05-13,"12_40"
"795",795,"ZTWD760","重陽大橋 延平北路六段-重陽橋 ",58.655174,6.2,120,0,121.505624988292,25.0856570244771,121.499370989401,25.084592036831,2016-05-13,"12_40"
"796",796,"ZTXQJ20","內湖路一段文湖路至91巷(往東)",38.02128,3.4666665,101,0,121.559698043141,25.0849069801418,121.560812033407,25.0845420153818,2016-05-13,"12_40"
"797",797,"ZTYXQ60","成功路五段324巷至420巷(往西)",36.526318,4.8,39.5,0,121.598776038888,25.0846779763565,121.596515044747,25.0844610221507,2016-05-13,"12_40"
"798",798,"ZTZY920","成功四段三二四(往東)",30.173914,7.3333335,26,0,121.595224987996,25.0841869673208,121.598776038888,25.0846779763565,2016-05-13,"12_40"
"799",799,"ZU5QC60","內湖路一段91巷至文湖路(往西)",38.61828,7.2,205,0,121.560812033407,25.0845420153818,121.559698043141,25.0849069801418,2016-05-13,"12_40"
"800",800,"ZU8P760","北安路 劍南路-敬業三路",41.531647,5.375,81,0,121.556317982132,25.0846900178608,121.553911974051,25.0853220410784,2016-05-13,"12_40"
"801",801,"ZUIFC60","百齡橋 通河東街一段-重陽橋",45.72332,13.066666,265,0,121.515487974394,25.090281016709,121.510577042701,25.0870570201792,2016-05-13,"12_40"
"802",802,"ZV9GE20","百齡橋 重陽橋-通河東街一段",35.79747,15.8,249.5,0,121.510577042701,25.0870570201792,121.515487974394,25.090281016709,2016-05-13,"12_40"
"803",803,"ZV9IT40","中山北路  中正路-小北街",35.238094,3.3,84,1,121.528014004153,25.0937130284284,121.527473957656,25.0902389796397,2016-05-13,"12_40"
"804",804,"ZWVFW00","承德路    中正路-洲美路",45.227272,5.6666665,44.5,1,121.514055017166,25.0959740116679,121.513357991724,25.0976729730527,2016-05-13,"12_40"
"805",805,"ZYQKQ70","仰德大道二段　2巷(嶺頭山莊)(往西)",37.548386,5.2,31,0,121.539758042194,25.1018589858249,121.537158956528,25.1060750183634,2016-05-13,"12_40"
"806",806,"ZZKPR60","至善路    中社路-至善路",46.25,2.2,12,0,121.5586820184,25.1119720174553,121.557154982438,25.1098199874148,2016-05-13,"12_40"
